oms3_prj_geotop/oms3.prj.geotop/data/Drake_sim2hydcond/input_maps/aspect.asc
ncols         80
nrows         114
xllcorner     513437.500000
yllcorner     4494772.500000
cellsize      5.000000
NODATA_value  -9999.0
[rows 28 to 55 of 114, columns 0 to 63 of 80]
-9999.0 -9999.0 -9999.0 -9999.0 -9999.0 -9999.0 -9999.0 -9999.0 -9999.0 -9999.0 -9999.0 -9999.0 -9999.0 -9999.0 -9999.0 -9999.0 -9999.0 -9999.0 -9999.0 -9999.0 -9999.0 -9999.0 -9999.0 -9999.0 -9999.0 -9999.0 -9999.0 -9999.0 -9999.0 -9999.0 -9999.0 -9999.0 -9999.0 -9999.0 -9999.0 -9999.0 -9999.0 49.085617 49.974990 61.244375 62.507163 63.734924 63.307057 56.536546 55.906706 42.838921 38.871720 53.609672 58.986116 51.425158 49.031801 45.725224 35.079987 24.775141 21.705437 27.950969 26.113913 18.291590 15.721982 24.970060 30.987963 34.067256 31.967405 33.164149
-9999.0 -9999.0 -9999.0 -9999.0 -9999.0 -9999.0 -9999.0 -9999.0 -9999.0 -9999.0 -9999.0 -9999.0 -9999.0 -9999.0 -9999.0 -9999.0 -9999.0 -9999.0 -9999.0 -9999.0 -9999.0 -9999.0 -9999.0 -9999.0 -9999.0 -9999.0 -9999.0 -9999.0 -9999.0 -9999.0 -9999.0 -9999.0 -9999.0 -9999.0 -9999.0 -9999.0 44.483836 45.293822 53.164452 66.220115 65.133406 65.858720 59.467031 56.855590 51.656116 42.895300 45.239730 62.408483 60.116262 44.628758 38.275647 36.709854 33.057988 23.651313 23.584501 30.308798 21.563387 14.290325 19.198847 28.024501 34.704794 37.239742 34.704046 34.948300
-9999.0 -9999.0 -9999.0 -9999.0 -9999.0 -9999.0 -9999.0 -9999.0 -9999.0 -9999.0 -9999.0 -9999.0 -9999.0 -9999.0 -9999.0 -9999.0 -9999.0 -9999.0 -9999.0 -9999.0 -9999.0 -9999.0 -9999.0 -9999.0 -9999.0 -9999.0 -9999.0 -9999.0 -9999.0 -9999.0 -9999.0 -9999.0 -9999.0 -9999.0 64.392069 55.663072 48.366461 49.988237 56.263237 64.111155 64.392783 62.088501 58.185761 53.803779 49.114909 47.029316 52.666804 61.256269 49.727988 34.568626 32.824087 34.450388 35.225655 28.397254 26.113913 26.565051 21.427665 16.182521 22.786027 33.450738 43.136370 39.362457 36.559635 35.068347
-9999.0 -9999.0 -9999.0 -9999.0 -9999.0 -9999.0 -9999.0 -9999.0 -9999.0 -9999.0 -9999.0 -9999.0 -9999.0 -9999.0 -9999.0 -9999.0 -9999.0 -9999.0 -9999.0 -9999.0 -9999.0 -9999.0 -9999.0 -9999.0 -9999.0 -9999.0 -9999.0 -9999.0 -9999.0 -9999.0 -9999.0 -9999.0 -9999.0 51.340192 58.281631 55.050887 55.269252 52.328520 54.665067 63.734924 65.196406 64.813793 59.090811 48.751729 47.607296 47.990345 50.808572 50.515552 42.660621 31.103981 34.438989 39.356682 37.737949 28.610460 28.383354 32.048642 27.601539 19.875042 23.450716 39.120700 50.750446 41.440733 40.995827 37.481573
-9999.0 -9999.0 -9999.0 -9999.0 -9999.0 -9999.0 -9999.0 -9999.0 -9999.0 -9999.0 -9999.0 -9999.0 -9999.0 -9999.0 -9999.0 -9999.0 -9999.0 -9999.0 -9999.0 -9999.0 -9999.0 -9999.0 -9999.0 -9999.0 -9999.0 -9999.0 -9999.0 -9999.0 -9999.0 -9999.0 -9999.0 -9999.0 56.225798 54.893921 57.674908 56.035354 56.103833 43.347695 53.413217 63.434949 65.825747 65.365536 49.697118 41.760300 49.173949 50.369170 47.064798 47.164789 41.537927 35.370851 40.505642 42.510447 38.110163 34.011349 33.631781 34.857883 30.730215 25.309767 23.879371 48.315697 53.054414 44.248130 47.109943 41.141320
-9999.0 -9999.0 -9999.0 -9999.0 -9999.0 -9999.0 -9999.0 -9999.0 -9999.0 -9999.0 -9999.0 -9999.0 -9999.0 -9999.0 -9999.0 -9999.0 -9999.0 -9999.0 -9999.0 -9999.0 -9999.0 -9999.0 -9999.0 -9999.0 -9999.0 -9999.0 -9999.0 -9999.0 -9999.0 -9999.0 56.242526 53.952473 53.654887 55.057309 56.138003 52.565321 48.691386 37.480934 54.688787 62.175904 63.267906 56.557786 38.735131 43.785820 53.315126 46.451629 40.536149 45.098616 42.344400 39.245435 43.079559 39.488523 36.179620 38.480198 37.652044 37.000017 32.855722 28.739795 29.152295 51.646766 51.831725 49.763642 49.881185 45.654780
-9999.0 -9999.0 -9999.0 -9999.0 -9999.0 -9999.0 -9999.0 -9999.0 -9999.0 -9999.0 -9999.0 -9999.0 -9999.0 -9999.0 -9999.0 -9999.0 -9999.0 -9999.0 -9999.0 -9999.0 -9999.0 -9999.0 -9999.0 -9999.0 -9999.0 -9999.0 -9999.0 -9999.0 -9999.0 39.173658 53.348996 54.769700 52.279383 53.801051 56.134583 52.043321 45.513850 41.902309 53.493688 58.709092 57.762286 45.798496 37.285773 47.443421 45.912599 35.817338 37.835296 46.420266 43.552400 39.255842 39.998032 37.095979 42.932897 42.299371 37.470880 37.806530 41.185925 25.812852 26.565051 51.523733 55.491477 54.328391 51.749175 48.605652
-9999.0 -9999.0 -9999.0 -9999.0 -9999.0 -9999.0 -9999.0 -9999.0 -9999.0 -9999.0 -9999.0 -9999.0 -9999.0 -9999.0 -9999.0 -9999.0 -9999.0 -9999.0 -9999.0 -9999.0 -9999.0 -9999.0 -9999.0 -9999.0 -9999.0 -9999.0 -9999.0 -9999.0 50.656216 47.586905 56.238713 51.460519 48.243292 53.526150 52.662869 43.658182 41.338064 41.733561 48.726645 55.530928 53.282349 41.888136 38.480198 42.283624 37.065636 36.140769 39.931377 45.565401 40.645779 36.747471 38.498021 42.416979 47.681956 40.581380 37.656992 42.646703 44.179200 16.673847 30.219697 56.207160 58.344451 54.771747 51.299354 54.489567
-9999.0 -9999.0 -9999.0 -9999.0 -9999.0 -9999.0 -9999.0 -9999.0 -9999.0 -9999.0 -9999.0 -9999.0 -9999.0 -9999.0 -9999.0 -9999.0 -9999.0 -9999.0 -9999.0 -9999.0 -9999.0 -9999.0 -9999.0 -9999.0 -9999.0 -9999.0 -9999.0 49.730011 51.034569 47.933528 51.620776 44.643022 44.913057 50.070110 41.302354 40.219837 44.236102 41.281604 46.337402 51.948654 49.059346 38.149243 38.085766 41.185925 36.645649 35.277982 38.447445 43.625165 38.474918 35.956123 41.669083 44.898949 45.648604 40.397132 37.556956 41.719119 37.751918 18.758650 39.414702 58.293861 56.511500 53.090091 55.640620 60.872839
-9999.0 -9999.0 -9999.0 -9999.0 -9999.0 -9999.0 -9999.0 -9999.0 -9999.0 -9999.0 -9999.0 -9999.0 -9999.0 -9999.0 -9999.0 -9999.0 -9999.0 -9999.0 -9999.0 -9999.0 -9999.0 -9999.0 -9999.0 -9999.0 -9999.0 -9999.0 38.695440 47.185801 49.894810 46.126457 46.018833 42.487878 46.215183 48.483271 42.393358 42.929969 43.281642 36.785182 40.681993 45.784825 44.650640 37.386307 38.681235 36.788202 31.753828 33.506545 39.252573 42.947935 37.601639 39.805571 43.940871 43.379753 43.822855 39.950834 33.340707 40.383648 39.338315 27.714995 38.693711 53.094448 52.344299 51.401536 -9999.0 -9999.0
-9999.0 -9999.0 -9999.0 -9999.0 -9999.0 -9999.0 -9999.0 -9999.0 -9999.0 -9999.0 -9999.0 -9999.0 -9999.0 -9999.0 -9999.0 -9999.0 -9999.0 -9999.0 -9999.0 -9999.0 -9999.0 -9999.0 -9999.0 -9999.0 -9999.0 43.602819 42.691537 51.931357 48.426358 46.179452 47.359755 46.917483 46.598146 44.595946 41.317282 41.013385 39.496794 33.040238 37.343841 41.801504 41.097625 32.905243 33.477993 33.799202 31.288506 34.753695 39.882685 41.277985 39.139172 41.668048 39.652918 41.026225 43.275292 38.772329 32.495657 40.273697 37.832761 27.046517 36.828766 51.107178 53.385600 -9999.0 -9999.0 -9999.0
-9999.0 -9999.0 -9999.0 -9999.0 -9999.0 -9999.0 -9999.0 -9999.0 -9999.0 -9999.0 -9999.0 -9999.0 -9999.0 -9999.0 -9999.0 -9999.0 -9999.0 -9999.0 -9999.0 -9999.0 -9999.0 -9999.0 -9999.0 -9999.0 40.236358 42.949714 43.946403 50.646687 45.557606 46.773058 46.175535 43.496957 39.313966 42.550337 40.983015 38.756723 36.145692 33.191856 34.909684 38.570115 34.928033 29.844304 36.329609 33.393030 31.077484 34.844292 38.759488 40.874071 40.857922 38.262508 38.208831 41.675723 42.332870 36.378569 31.701430 37.126062 38.457032 33.639183 43.639670 49.245611 -9999.0 -9999.0 -9999.0 -9999.0
-9999.0 -9999.0 -9999.0 -9999.0 -9999.0 -9999.0 -9999.0 -9999.0 -9999.0 -9999.0 -9999.0 -9999.0 -9999.0 -9999.0 -9999.0 -9999.0 -9999.0 -9999.0 -9999.0 -9999.0 -9999.0 -9999.0 -9999.0 40.435647 41.069824 39.911740 43.124171 47.173128 42.815209 41.729512 42.253599 39.204979 36.936110 42.510447 38.523875 38.711785 36.158185 29.828647 30.379126 34.680103 31.671536 33.471740 35.263012 32.471192 36.676413 38.060632 38.097286 41.140317 41.815398 38.739802 38.720869 40.273347 41.151038 36.454718 32.082187 38.447445 42.552951 42.251912 50.194429 -9999.0 -9999.0 -9999.0 -9999.0 -9999.0
-9999.0 -9999.0 -9999.0 -9999.0 -9999.0 -9999.0 -9999.0 -9999.0 -9999.0 -9999.0 -9999.0 -9999.0 -9999.0 -9999.0 -9999.0 -9999.0 -9999.0 -9999.0 -9999.0 -9999.0 -9999.0 -9999.0 43.695768 42.113125 37.534026 38.044171 42.844411 42.628859 38.632015 40.581380 40.151695 36.632075 37.347179 40.014631 36.803889 36.453925 32.702823 30.527028 30.096666 29.700683 30.944690 35.589018 35.827447 34.753964 38.809356 38.142928 36.921655 42.646703 41.025111 37.482937 37.226717 38.320114 40.791015 38.980850 32.371778 39.857235 44.909199 50.710593 -9999.0 -9999.0 -9999.0 -9999.0 -9999.0 -9999.0
-9999.0 -9999.0 -9999.0 -9999.0 -9999.0 -9999.0 -9999.0 -9999.0 -9999.0 -9999.0 -9999.0 -9999.0 -9999.0 -9999.0 -9999.0 -9999.0 -9999.0 -9999.0 -9999.0 -9999.0 -9999.0 39.854542 41.477085 37.126062 34.569270 36.506312 39.108529 37.777154 37.118535 37.104235 34.253319 34.232580 33.236947 35.209103 34.960096 31.453751 31.339797 29.310007 23.838740 25.526856 30.616735 35.488264 35.330179 36.133947 40.504613 36.750032 36.525191 39.150280 36.732827 35.706691 34.277519 34.924839 41.705485 38.150177 29.744881 38.620198 44.123986 -9999.0 -9999.0 -9999.0 -9999.0 -9999.0 -9999.0 -9999.0
-9999.0 -9999.0 -9999.0 -9999.0 -9999.0 -9999.0 -9999.0 -9999.0 -9999.0 -9999.0 -9999.0 -9999.0 -9999.0 -9999.0 -9999.0 -9999.0 -9999.0 -9999.0 -9999.0 -9999.0 34.266342 36.763838 36.231162 32.942396 32.461048 32.376670 32.814277 31.998432 33.185025 29.753462 28.926426 30.101305 28.310924 32.575831 30.469603 25.753968 27.519892 24.620060 19.339544 23.162937 29.744881 35.616150 34.534662 35.325795 37.161795 34.021602 31.482691 31.960577 34.097653 33.423025 28.948970 30.855379 39.522631 34.237463 28.461200 33.335080 -9999.0 -9999.0 -9999.0 -9999.0 -9999.0 -9999.0 -9999.0 -9999.0
-9999.0 -9999.0 -9999.0 -9999.0 -9999.0 -9999.0 -9999.0 -9999.0 -9999.0 -9999.0 -9999.0 -9999.0 -9999.0 -9999.0 -9999.0 -9999.0 -9999.0 -9999.0 -9999.0 17.810996 25.886283 32.510953 32.822696 31.524786 29.790736 28.153948 29.840057 29.482384 29.873738 24.576413 27.281900 28.232292 27.091491 29.671078 24.602794 22.222976 25.735181 23.032757 16.106274 20.537073 30.390685 35.556995 31.290140 30.780898 32.684982 28.886582 25.480034 28.827205 31.689398 26.651145 23.795532 29.226121 37.084153 31.545748 25.099885 -9999.0 -9999.0 -9999.0 -9999.0 -9999.0 -9999.0 -9999.0 -9999.0 -9999.0
-9999.0 -9999.0 -9999.0 -9999.0 -9999.0 -9999.0 -9999.0 -9999.0 -9999.0 -9999.0 -9999.0 -9999.0 -9999.0 -9999.0 -9999.0 -9999.0 -9999.0 -9999.0 -9999.0 16.809295 24.690959 34.161264 36.657101 35.811754 30.868634 28.520733 28.938062 30.004921 29.334384 24.287142 29.781727 28.136632 26.314488 27.913599 22.669101 20.839875 27.334267 24.561882 15.345941 20.188824 31.183373 32.341219 25.914380 27.633380 30.018367 24.208684 21.879768 27.355028 28.667069 23.926191 23.342249 28.759982 34.132407 28.631327 23.491162 -9999.0 -9999.0 -9999.0 -9999.0 -9999.0 -9999.0 -9999.0 -9999.0 -9999.0
-9999.0 -9999.0 -9999.0 -9999.0 -9999.0 -9999.0 -9999.0 -9999.0 -9999.0 -9999.0 -9999.0 -9999.0 -9999.0 -9999.0 -9999.0 -9999.0 -9999.0 -9999.0 -9999.0 21.165381 32.302360 41.698134 43.074113 39.949772 34.425830 33.866001 34.409310 35.776924 32.123625 27.856981 33.176382 30.455528 29.885861 30.314803 24.602117 25.284912 30.383321 24.160915 16.501746 23.140618 33.477217 30.462013 24.237768 28.464387 29.964439 22.954087 22.332594 29.804081 28.597275 23.644737 24.089370 29.778711 34.096075 28.742254 23.484115 -9999.0 -9999.0 -9999.0 -9999.0 -9999.0 -9999.0 -9999.0 -9999.0 -9999.0
-9999.0 -9999.0 -9999.0 -9999.0 -9999.0 -9999.0 -9999.0 -9999.0 -9999.0 -9999.0 -9999.0 -9999.0 -9999.0 -9999.0 -9999.0 -9999.0 -9999.0 -9999.0 -9999.0 32.526861 40.922229 46.264705 47.648157 45.329012 42.089162 41.879928 41.820170 42.417452 37.579407 36.869898 41.075255 36.805737 36.821533 36.570993 32.087639 32.267776 34.525765 26.867800 21.093494 29.201810 36.168091 32.121906 29.664026 35.026036 32.675273 25.088488 28.342626 33.857110 31.360515 28.510198 30.127506 37.273382 38.033307 30.068583 -9999.0 -9999.0 -9999.0 -9999.0 -9999.0 -9999.0 -9999.0 -9999.0 -9999.0 -9999.0
-9999.0 -9999.0 -9999.0 -9999.0 -9999.0 -9999.0 -9999.0 -9999.0 -9999.0 -9999.0 -9999.0 -9999.0 -9999.0 -9999.0 -9999.0 -9999.0 -9999.0 -9999.0 20.414283 28.753098 39.959206 46.684684 48.585041 48.022870 44.264131 44.149977 43.586275 47.726311 43.408860 43.523631 43.929842 41.913511 45.208347 44.671849 40.300363 38.415235 40.071628 31.215684 26.417000 35.436349 41.552613 37.502475 37.409705 42.043689 37.257577 33.483438 37.264605 38.504198 38.537283 38.290163 41.892708 47.396261 43.930603 -9999.0 -9999.0 -9999.0 -9999.0 -9999.0 -9999.0 -9999.0 -9999.0 -9999.0 -9999.0 -9999.0
-9999.0 -9999.0 -9999.0 -9999.0 -9999.0 -9999.0 -9999.0 -9999.0 -9999.0 -9999.0 -9999.0 -9999.0 -9999.0 -9999.0 -9999.0 -9999.0 -9999.0 34.705218 27.003327 23.881892 36.185890 44.761468 46.906129 46.618095 41.474841 42.020751 44.013135 46.679577 40.093933 40.984673 43.985423 46.306640 47.433606 47.438218 41.651010 43.176877 43.413265 33.324920 29.824129 37.024214 42.292996 40.717728 43.953300 47.596359 42.002575 38.116825 37.714772 42.076143 46.153450 46.262513 49.613295 53.414682 -9999.0 -9999.0 -9999.0 -9999.0 -9999.0 -9999.0 -9999.0 -9999.0 -9999.0 -9999.0 -9999.0 -9999.0
-9999.0 -9999.0 -9999.0 -9999.0 -9999.0 -9999.0 -9999.0 -9999.0 -9999.0 -9999.0 -9999.0 -9999.0 -9999.0 -9999.0 -9999.0 -9999.0 37.651019 35.528613 23.518675 20.899188 34.590241 43.261524 44.825318 43.046975 40.842032 42.163988 43.933704 43.111812 37.012621 40.843540 43.518543 42.963675 44.872959 43.970845 38.347913 42.390858 39.252332 31.408201 25.201124 32.252105 40.449719 42.725429 45.762051 43.636072 37.874984 36.607075 38.225889 44.926638 49.304469 47.296940 50.253803 -9999.0 -9999.0 -9999.0 -9999.0 -9999.0 -9999.0 -9999.0 -9999.0 -9999.0 -9999.0 -9999.0 -9999.0 -9999.0
-9999.0 -9999.0 -9999.0 -9999.0 -9999.0 -9999.0 -9999.0 -9999.0 -9999.0 -9999.0 -9999.0 -9999.0 -9999.0 -9999.0 -9999.0 37.620603 36.869898 34.815967 22.234488 19.997414 34.594345 43.224680 44.734744 44.018393 43.516481 42.328135 43.836558 40.555894 38.302756 44.051666 42.960829 41.535382 43.008431 38.964718 37.353238 39.674813 32.054220 23.198591 19.308017 29.744881 39.592033 41.034159 41.588204 36.544972 36.441125 36.432679 36.504703 44.047426 47.100371 46.092703 -9999.0 -9999.0 -9999.0 -9999.0 -9999.0 -9999.0 -9999.0 -9999.0 -9999.0 -9999.0 -9999.0 -9999.0 -9999.0 -9999.0
-9999.0 -9999.0 -9999.0 -9999.0 -9999.0 -9999.0 -9999.0 -9999.0 -9999.0 -9999.0 -9999.0 -9999.0 -9999.0 -9999.0 36.623238 34.949896 35.866798 33.712284 19.712916 18.744349 37.366669 44.671527 45.826324 45.177937 44.856880 41.450942 43.518955 40.658526 43.443433 45.323702 41.216410 42.342609 43.891188 37.792565 38.528830 32.977723 25.843193 20.952142 18.941480 31.574191 37.099211 38.596804 37.845480 33.142596 35.369190 35.516986 37.727778 43.754636 49.341676 -9999.0 -9999.0 -9999.0 -9999.0 -9999.0 -9999.0 -9999.0 -9999.0 -9999.0 -9999.0 -9999.0 -9999.0 -9999.0 -9999.0 -9999.0
-9999.0 -9999.0 -9999.0 -9999.0 -9999.0 -9999.0 -9999.0 -9999.0 -9999.0 -9999.0 -9999.0 -9999.0 -9999.0 -9999.0 32.601208 32.152295 33.354878 30.855088 20.417267 22.249024 36.700612 43.705671 44.311933 44.297020 44.339287 41.224050 44.254650 42.149259 45.827494 43.653331 42.510447 45.056449 41.160825 37.874984 37.401077 24.800193 23.420925 20.111420 17.925547 29.400914 34.619777 39.383325 35.425772 32.709950 36.218837 37.978060 37.243329 38.116058 -9999.0 -9999.0 -9999.0 -9999.0 -9999.0 -9999.0 -9999.0 -9999.0 -9999.0 -9999.0 -9999.0 -9999.0 -9999.0 -9999.0 -9999.0 -9999.0
-9999.0 -9999.0 -9999.0 -9999.0 -9999.0 -9999.0 -9999.0 -9999.0 -9999.0 -9999.0 -9999.0 -9999.0 -9999.0 26.202997 29.099712 32.103191 31.222751 29.933615 22.375332 22.196774 35.581222 42.925323 43.893670 47.756390 46.224888 44.223156 44.606896 42.918314 45.852271 43.704838 43.357370 43.080190 39.187518 37.659529 29.174793 19.469460 23.515764 17.313739 15.476227 28.230157 36.437538 39.653945 33.928618 32.583586 36.740562 36.726139 35.792150 -9999.0 -9999.0 -9999.0 -9999.0 -9999.0 -9999.0 -9999.0 -9999.0 -9999.0 -9999.0 -9999.0 -9999.0 -9999.0 -9999.0 -9999.0 -9999.0 -9999.0
-9999.0 -9999.0 -9999.0 -9999.0 -9999.0 -9999.0 -9999.0 -9999.0 -9999.0 -9999.0 -9999.0 -9999.0 28.886582 26.751076 31.568971 30.269981 29.081927 31.601962 24.277705 21.024155 35.637417 45.482276 47.222585 48.225818 45.381331 44.848824 43.489916 44.455286 47.248554 44.172506 42.461955 41.534945 37.874984 32.993292 24.112064 19.203085 20.364926 12.144278 14.385367 28.499319 37.638470 38.616517 33.966857 33.305107 37.140911 36.027373 -9999.0 -9999.0 -9999.0 -9999.0 -9999.0 -9999.0 -9999.0 -9999.0 -9999.0 -9999.0 -9999.0 -9999.0 -9999.0 -9999.0 -9999.0 -9999.0 -9999.0 -9999.0
