oms3_prj_geotop/oms3.prj.geotop/data/Drake_sim2hydcond/input_maps/dem2.asc
ncols         80
nrows         114
xllcorner     513437.500000
yllcorner     4494772.500000
cellsize      5.000000
NODATA_value  -9999.0
[rows 27 to 53 of 114, columns 0 to 61 of 80]
-9999.0 -9999.0 -9999.0 -9999.0 -9999.0 -9999.0 -9999.0 -9999.0 -9999.0 -9999.0 -9999.0 -9999.0 -9999.0 -9999.0 -9999.0 -9999.0 -9999.0 -9999.0 -9999.0 -9999.0 -9999.0 -9999.0 -9999.0 -9999.0 -9999.0 -9999.0 -9999.0 -9999.0 -9999.0 -9999.0 -9999.0 -9999.0 -9999.0 -9999.0 -9999.0 -9999.0 -9999.0 -9999.0 1571.152000 1570.989000 1570.784000 1570.600000 1570.422000 1570.223000 1570.042000 1569.869000 1569.773000 1569.663000 1569.480000 1569.352000 1569.241000 1569.113000 1568.976000 1568.882000 1568.809000 1568.744000 1568.653000 1568.563000 1568.505000 1568.471000 1568.365000 1568.243000
-9999.0 -9999.0 -9999.0 -9999.0 -9999.0 -9999.0 -9999.0 -9999.0 -9999.0 -9999.0 -9999.0 -9999.0 -9999.0 -9999.0 -9999.0 -9999.0 -9999.0 -9999.0 -9999.0 -9999.0 -9999.0 -9999.0 -9999.0 -9999.0 -9999.0 -9999.0 -9999.0 -9999.0 -9999.0 -9999.0 -9999.0 -9999.0 -9999.0 -9999.0 -9999.0 -9999.0 -9999.0 1571.362000 1571.257000 1571.106000 1570.898000 1570.714000 1570.515000 1570.356000 1570.164000 1569.997000 1569.909000 1569.785000 1569.582000 1569.449000 1569.335000 1569.206000 1569.095000 1569.022000 1568.969000 1568.899000 1568.813000 1568.749000 1568.694000 1568.644000 1568.538000 1568.435000
-9999.0 -9999.0 -9999.0 -9999.0 -9999.0 -9999.0 -9999.0 -9999.0 -9999.0 -9999.0 -9999.0 -9999.0 -9999.0 -9999.0 -9999.0 -9999.0 -9999.0 -9999.0 -9999.0 -9999.0 -9999.0 -9999.0 -9999.0 -9999.0 -9999.0 -9999.0 -9999.0 -9999.0 -9999.0 -9999.0 -9999.0 -9999.0 -9999.0 -9999.0 -9999.0 -9999.0 1571.563000 1571.453000 1571.367000 1571.186000 1570.988000 1570.789000 1570.602000 1570.455000 1570.285000 1570.144000 1570.036000 1569.904000 1569.682000 1569.549000 1569.452000 1569.347000 1569.238000 1569.155000 1569.118000 1569.038000 1568.959000 1568.923000 1568.878000 1568.806000 1568.713000 1568.592000
-9999.0 -9999.0 -9999.0 -9999.0 -9999.0 -9999.0 -9999.0 -9999.0 -9999.0 -9999.0 -9999.0 -9999.0 -9999.0 -9999.0 -9999.0 -9999.0 -9999.0 -9999.0 -9999.0 -9999.0 -9999.0 -9999.0 -9999.0 -9999.0 -9999.0 -9999.0 -9999.0 -9999.0 -9999.0 -9999.0 -9999.0 -9999.0 -9999.0 -9999.0 1571.959000 1571.790000 1571.675000 1571.556000 1571.457000 1571.273000 1571.082000 1570.887000 1570.712000 1570.563000 1570.410000 1570.265000 1570.147000 1569.970000 1569.786000 1569.682000 1569.591000 1569.493000 1569.390000 1569.296000 1569.237000 1569.171000 1569.104000 1569.067000 1569.030000 1568.954000 1568.847000 1568.731000
-9999.0 -9999.0 -9999.0 -9999.0 -9999.0 -9999.0 -9999.0 -9999.0 -9999.0 -9999.0 -9999.0 -9999.0 -9999.0 -9999.0 -9999.0 -9999.0 -9999.0 -9999.0 -9999.0 -9999.0 -9999.0 -9999.0 -9999.0 -9999.0 -9999.0 -9999.0 -9999.0 -9999.0 -9999.0 -9999.0 -9999.0 -9999.0 -9999.0 1572.175000 1572.040000 1571.887000 1571.771000 1571.636000 1571.556000 1571.368000 1571.173000 1570.985000 1570.803000 1570.676000 1570.543000 1570.389000 1570.261000 1570.102000 1569.926000 1569.832000 1569.745000 1569.640000 1569.517000 1569.438000 1569.373000 1569.304000 1569.224000 1569.178000 1569.147000 1569.083000 1568.951000 1568.848000
-9999.0 -9999.0 -9999.0 -9999.0 -9999.0 -9999.0 -9999.0 -9999.0 -9999.0 -9999.0 -9999.0 -9999.0 -9999.0 -9999.0 -9999.0 -9999.0 -9999.0 -9999.0 -9999.0 -9999.0 -9999.0 -9999.0 -9999.0 -9999.0 -9999.0 -9999.0 -9999.0 -9999.0 -9999.0 -9999.0 -9999.0 -9999.0 1572.440000 1572.283000 1572.137000 1571.978000 1571.849000 1571.722000 1571.647000 1571.462000 1571.259000 1571.061000 1570.897000 1570.791000 1570.672000 1570.519000 1570.381000 1570.246000 1570.079000 1569.982000 1569.871000 1569.771000 1569.651000 1569.560000 1569.485000 1569.409000 1569.345000 1569.280000 1569.249000 1569.195000 1569.039000 1568.953000
-9999.0 -9999.0 -9999.0 -9999.0 -9999.0 -9999.0 -9999.0 -9999.0 -9999.0 -9999.0 -9999.0 -9999.0 -9999.0 -9999.0 -9999.0 -9999.0 -9999.0 -9999.0 -9999.0 -9999.0 -9999.0 -9999.0 -9999.0 -9999.0 -9999.0 -9999.0 -9999.0 -9999.0 -9999.0 -9999.0 1572.883000 1572.687000 1572.545000 1572.388000 1572.233000 1572.081000 1571.943000 1571.850000 1571.749000 1571.562000 1571.353000 1571.151000 1571.032000 1570.928000 1570.778000 1570.630000 1570.515000 1570.382000 1570.224000 1570.125000 1569.992000 1569.880000 1569.786000 1569.684000 1569.600000 1569.505000 1569.441000 1569.381000 1569.339000 1569.270000 1569.133000 1569.041000
-9999.0 -9999.0 -9999.0 -9999.0 -9999.0 -9999.0 -9999.0 -9999.0 -9999.0 -9999.0 -9999.0 -9999.0 -9999.0 -9999.0 -9999.0 -9999.0 -9999.0 -9999.0 -9999.0 -9999.0 -9999.0 -9999.0 -9999.0 -9999.0 -9999.0 -9999.0 -9999.0 -9999.0 -9999.0 1573.146000 1573.014000 1572.810000 1572.660000 1572.501000 1572.343000 1572.200000 1572.052000 1571.975000 1571.851000 1571.671000 1571.466000 1571.273000 1571.175000 1571.056000 1570.894000 1570.769000 1570.671000 1570.536000 1570.361000 1570.266000 1570.133000 1570.021000 1569.919000 1569.794000 1569.717000 1569.620000 1569.537000 1569.466000 1569.448000 1569.358000 1569.219000 1569.118000
-9999.0 -9999.0 -9999.0 -9999.0 -9999.0 -9999.0 -9999.0 -9999.0 -9999.0 -9999.0 -9999.0 -9999.0 -9999.0 -9999.0 -9999.0 -9999.0 -9999.0 -9999.0 -9999.0 -9999.0 -9999.0 -9999.0 -9999.0 -9999.0 -9999.0 -9999.0 -9999.0 -9999.0 1573.480000 1573.308000 1573.133000 1572.937000 1572.784000 1572.620000 1572.435000 1572.308000 1572.164000 1572.074000 1571.974000 1571.796000 1571.604000 1571.434000 1571.317000 1571.186000 1571.056000 1570.939000 1570.815000 1570.677000 1570.508000 1570.404000 1570.284000 1570.163000 1570.030000 1569.906000 1569.827000 1569.737000 1569.617000 1569.565000 1569.555000 1569.452000 1569.298000 1569.186000
-9999.0 -9999.0 -9999.0 -9999.0 -9999.0 -9999.0 -9999.0 -9999.0 -9999.0 -9999.0 -9999.0 -9999.0 -9999.0 -9999.0 -9999.0 -9999.0 -9999.0 -9999.0 -9999.0 -9999.0 -9999.0 -9999.0 -9999.0 -9999.0 -9999.0 -9999.0 -9999.0 1573.850000 1573.621000 1573.463000 1573.262000 1573.088000 1572.943000 1572.759000 1572.581000 1572.484000 1572.318000 1572.188000 1572.095000 1571.925000 1571.736000 1571.593000 1571.487000 1571.343000 1571.221000 1571.099000 1570.984000 1570.837000 1570.679000 1570.566000 1570.436000 1570.299000 1570.153000 1570.031000 1569.936000 1569.848000 1569.714000 1569.673000 1569.642000 1569.530000 1569.383000 1569.267000
-9999.0 -9999.0 -9999.0 -9999.0 -9999.0 -9999.0 -9999.0 -9999.0 -9999.0 -9999.0 -9999.0 -9999.0 -9999.0 -9999.0 -9999.0 -9999.0 -9999.0 -9999.0 -9999.0 -9999.0 -9999.0 -9999.0 -9999.0 -9999.0 -9999.0 -9999.0 1574.201000 1574.044000 1573.793000 1573.632000 1573.430000 1573.260000 1573.114000 1572.923000 1572.748000 1572.619000 1572.468000 1572.328000 1572.225000 1572.077000 1571.892000 1571.751000 1571.636000 1571.490000 1571.384000 1571.274000 1571.145000 1570.997000 1570.849000 1570.739000 1570.584000 1570.447000 1570.292000 1570.161000 1570.065000 1569.986000 1569.843000 1569.777000 1569.729000 1569.612000 1569.472000 1569.358000
-9999.0 -9999.0 -9999.0 -9999.0 -9999.0 -9999.0 -9999.0 -9999.0 -9999.0 -9999.0 -9999.0 -9999.0 -9999.0 -9999.0 -9999.0 -9999.0 -9999.0 -9999.0 -9999.0 -9999.0 -9999.0 -9999.0 -9999.0 -9999.0 -9999.0 1574.597000 1574.397000 1574.228000 1573.968000 1573.812000 1573.621000 1573.433000 1573.266000 1573.083000 1572.914000 1572.785000 1572.627000 1572.513000 1572.387000 1572.249000 1572.066000 1571.928000 1571.813000 1571.680000 1571.570000 1571.460000 1571.323000 1571.155000 1571.014000 1570.884000 1570.739000 1570.608000 1570.451000 1570.302000 1570.202000 1570.109000 1569.969000 1569.890000 1569.848000 1569.723000 1569.579000 -9999.0
-9999.0 -9999.0 -9999.0 -9999.0 -9999.0 -9999.0 -9999.0 -9999.0 -9999.0 -9999.0 -9999.0 -9999.0 -9999.0 -9999.0 -9999.0 -9999.0 -9999.0 -9999.0 -9999.0 -9999.0 -9999.0 -9999.0 -9999.0 -9999.0 1575.005000 1574.807000 1574.601000 1574.380000 1574.162000 1573.965000 1573.779000 1573.592000 1573.445000 1573.280000 1573.087000 1572.949000 1572.798000 1572.697000 1572.571000 1572.436000 1572.260000 1572.142000 1572.011000 1571.853000 1571.746000 1571.630000 1571.510000 1571.349000 1571.182000 1571.048000 1570.917000 1570.778000 1570.617000 1570.471000 1570.368000 1570.261000 1570.125000 1570.014000 1569.952000 1569.829000 -9999.0 -9999.0
-9999.0 -9999.0 -9999.0 -9999.0 -9999.0 -9999.0 -9999.0 -9999.0 -9999.0 -9999.0 -9999.0 -9999.0 -9999.0 -9999.0 -9999.0 -9999.0 -9999.0 -9999.0 -9999.0 -9999.0 -9999.0 -9999.0 -9999.0 1575.458000 1575.239000 1575.031000 1574.840000 1574.588000 1574.375000 1574.172000 1573.979000 1573.785000 1573.647000 1573.473000 1573.295000 1573.145000 1572.972000 1572.860000 1572.761000 1572.639000 1572.487000 1572.362000 1572.206000 1572.082000 1571.940000 1571.799000 1571.673000 1571.534000 1571.362000 1571.220000 1571.082000 1570.945000 1570.788000 1570.640000 1570.542000 1570.430000 1570.280000 1570.150000 1570.042000 -9999.0 -9999.0 -9999.0
-9999.0 -9999.0 -9999.0 -9999.0 -9999.0 -9999.0 -9999.0 -9999.0 -9999.0 -9999.0 -9999.0 -9999.0 -9999.0 -9999.0 -9999.0 -9999.0 -9999.0 -9999.0 -9999.0 -9999.0 -9999.0 -9999.0 1575.994000 1575.715000 1575.495000 1575.284000 1575.074000 1574.811000 1574.611000 1574.409000 1574.205000 1573.999000 1573.860000 1573.664000 1573.499000 1573.352000 1573.188000 1573.065000 1572.948000 1572.832000 1572.709000 1572.567000 1572.407000 1572.271000 1572.126000 1571.971000 1571.848000 1571.705000 1571.533000 1571.397000 1571.260000 1571.125000 1570.966000 1570.804000 1570.703000 1570.591000 1570.430000 1570.276000 -9999.0 -9999.0 -9999.0 -9999.0
-9999.0 -9999.0 -9999.0 -9999.0 -9999.0 -9999.0 -9999.0 -9999.0 -9999.0 -9999.0 -9999.0 -9999.0 -9999.0 -9999.0 -9999.0 -9999.0 -9999.0 -9999.0 -9999.0 -9999.0 -9999.0 1576.574000 1576.286000 1576.010000 1575.800000 1575.569000 1575.350000 1575.091000 1574.878000 1574.646000 1574.465000 1574.249000 1574.086000 1573.903000 1573.712000 1573.566000 1573.419000 1573.267000 1573.163000 1573.058000 1572.929000 1572.784000 1572.616000 1572.487000 1572.313000 1572.153000 1572.027000 1571.876000 1571.716000 1571.576000 1571.440000 1571.317000 1571.160000 1570.965000 1570.878000 1570.757000 1570.596000 -9999.0 -9999.0 -9999.0 -9999.0 -9999.0
-9999.0 -9999.0 -9999.0 -9999.0 -9999.0 -9999.0 -9999.0 -9999.0 -9999.0 -9999.0 -9999.0 -9999.0 -9999.0 -9999.0 -9999.0 -9999.0 -9999.0 -9999.0 -9999.0 -9999.0 1577.214000 1576.919000 1576.632000 1576.357000 1576.135000 1575.892000 1575.662000 1575.420000 1575.199000 1574.955000 1574.788000 1574.556000 1574.388000 1574.194000 1573.981000 1573.831000 1573.679000 1573.521000 1573.421000 1573.322000 1573.172000 1573.006000 1572.826000 1572.686000 1572.517000 1572.354000 1572.222000 1572.087000 1571.935000 1571.781000 1571.640000 1571.526000 1571.361000 1571.163000 1571.067000 1570.944000 -9999.0 -9999.0 -9999.0 -9999.0 -9999.0 -9999.0
-9999.0 -9999.0 -9999.0 -9999.0 -9999.0 -9999.0 -9999.0 -9999.0 -9999.0 -9999.0 -9999.0 -9999.0 -9999.0 -9999.0 -9999.0 -9999.0 -9999.0 -9999.0 -9999.0 1577.798000 1577.647000 1577.353000 1577.053000 1576.777000 1576.531000 1576.315000 1576.082000 1575.832000 1575.589000 1575.365000 1575.187000 1574.939000 1574.758000 1574.540000 1574.329000 1574.192000 1574.014000 1573.830000 1573.730000 1573.640000 1573.482000 1573.267000 1573.081000 1572.923000 1572.751000 1572.590000 1572.463000 1572.336000 1572.168000 1572.023000 1571.901000 1571.784000 1571.600000 1571.397000 1571.282000 -9999.0 -9999.0 -9999.0 -9999.0 -9999.0 -9999.0 -9999.0
-9999.0 -9999.0 -9999.0 -9999.0 -9999.0 -9999.0 -9999.0 -9999.0 -9999.0 -9999.0 -9999.0 -9999.0 -9999.0 -9999.0 -9999.0 -9999.0 -9999.0 -9999.0 -9999.0 1578.268000 1578.131000 1577.851000 1577.525000 1577.208000 1576.942000 1576.731000 1576.504000 1576.292000 1576.012000 1575.834000 1575.614000 1575.355000 1575.168000 1574.947000 1574.741000 1574.602000 1574.430000 1574.189000 1574.079000 1573.984000 1573.808000 1573.567000 1573.392000 1573.240000 1573.036000 1572.876000 1572.755000 1572.623000 1572.442000 1572.313000 1572.182000 1572.064000 1571.873000 1571.681000 1571.558000 -9999.0 -9999.0 -9999.0 -9999.0 -9999.0 -9999.0 -9999.0
-9999.0 -9999.0 -9999.0 -9999.0 -9999.0 -9999.0 -9999.0 -9999.0 -9999.0 -9999.0 -9999.0 -9999.0 -9999.0 -9999.0 -9999.0 -9999.0 -9999.0 -9999.0 -9999.0 1578.705000 1578.554000 1578.246000 1577.917000 1577.585000 1577.329000 1577.121000 1576.876000 1576.684000 1576.404000 1576.247000 1576.024000 1575.773000 1575.583000 1575.346000 1575.155000 1575.009000 1574.813000 1574.598000 1574.477000 1574.377000 1574.171000 1573.924000 1573.754000 1573.603000 1573.381000 1573.215000 1573.093000 1572.941000 1572.735000 1572.609000 1572.478000 1572.347000 1572.165000 1571.974000 1571.848000 -9999.0 -9999.0 -9999.0 -9999.0 -9999.0 -9999.0 -9999.0
-9999.0 -9999.0 -9999.0 -9999.0 -9999.0 -9999.0 -9999.0 -9999.0 -9999.0 -9999.0 -9999.0 -9999.0 -9999.0 -9999.0 -9999.0 -9999.0 -9999.0 -9999.0 -9999.0 1579.048000 1578.857000 1578.566000 1578.232000 1577.910000 1577.619000 1577.406000 1577.142000 1576.947000 1576.708000 1576.553000 1576.339000 1576.105000 1575.911000 1575.679000 1575.477000 1575.326000 1575.131000 1574.938000 1574.825000 1574.700000 1574.493000 1574.276000 1574.105000 1573.928000 1573.709000 1573.556000 1573.422000 1573.248000 1573.051000 1572.900000 1572.768000 1572.611000 1572.424000 1572.259000 -9999.0 -9999.0 -9999.0 -9999.0 -9999.0 -9999.0 -9999.0 -9999.0
-9999.0 -9999.0 -9999.0 -9999.0 -9999.0 -9999.0 -9999.0 -9999.0 -9999.0 -9999.0 -9999.0 -9999.0 -9999.0 -9999.0 -9999.0 -9999.0 -9999.0 -9999.0 1579.403000 1579.304000 1579.110000 1578.844000 1578.515000 1578.191000 1577.887000 1577.653000 1577.389000 1577.159000 1576.916000 1576.739000 1576.538000 1576.345000 1576.152000 1575.931000 1575.718000 1575.557000 1575.377000 1575.202000 1575.094000 1574.971000 1574.751000 1574.542000 1574.365000 1574.168000 1573.961000 1573.828000 1573.664000 1573.494000 1573.306000 1573.130000 1572.976000 1572.799000 1572.615000 -9999.0 -9999.0 -9999.0 -9999.0 -9999.0 -9999.0 -9999.0 -9999.0 -9999.0
-9999.0 -9999.0 -9999.0 -9999.0 -9999.0 -9999.0 -9999.0 -9999.0 -9999.0 -9999.0 -9999.0 -9999.0 -9999.0 -9999.0 -9999.0 -9999.0 -9999.0 1579.874000 1579.669000 1579.582000 1579.406000 1579.127000 1578.808000 1578.475000 1578.171000 1577.919000 1577.661000 1577.377000 1577.152000 1576.951000 1576.748000 1576.535000 1576.322000 1576.118000 1575.918000 1575.756000 1575.553000 1575.405000 1575.290000 1575.182000 1574.977000 1574.779000 1574.594000 1574.376000 1574.156000 1574.005000 1573.861000 1573.698000 1573.508000 1573.318000 1573.137000 1572.943000 -9999.0 -9999.0 -9999.0 -9999.0 -9999.0 -9999.0 -9999.0 -9999.0 -9999.0 -9999.0
-9999.0 -9999.0 -9999.0 -9999.0 -9999.0 -9999.0 -9999.0 -9999.0 -9999.0 -9999.0 -9999.0 -9999.0 -9999.0 -9999.0 -9999.0 -9999.0 1580.403000 1580.170000 1579.976000 1579.898000 1579.732000 1579.447000 1579.125000 1578.793000 1578.516000 1578.219000 1577.950000 1577.639000 1577.422000 1577.204000 1576.969000 1576.752000 1576.535000 1576.302000 1576.125000 1575.946000 1575.748000 1575.602000 1575.483000 1575.386000 1575.194000 1574.987000 1574.783000 1574.568000 1574.373000 1574.204000 1574.061000 1573.885000 1573.671000 1573.485000 1573.295000 -9999.0 -9999.0 -9999.0 -9999.0 -9999.0 -9999.0 -9999.0 -9999.0 -9999.0 -9999.0 -9999.0
-9999.0 -9999.0 -9999.0 -9999.0 -9999.0 -9999.0 -9999.0 -9999.0 -9999.0 -9999.0 -9999.0 -9999.0 -9999.0 -9999.0 -9999.0 1580.910000 1580.705000 1580.472000 1580.294000 1580.221000 1580.060000 1579.772000 1579.466000 1579.127000 1578.835000 1578.544000 1578.263000 1577.941000 1577.729000 1577.475000 1577.224000 1577.001000 1576.774000 1576.543000 1576.368000 1576.169000 1575.974000 1575.839000 1575.749000 1575.640000 1575.445000 1575.224000 1575.002000 1574.806000 1574.624000 1574.425000 1574.266000 1574.089000 1573.852000 1573.665000 -9999.0 -9999.0 -9999.0 -9999.0 -9999.0 -9999.0 -9999.0 -9999.0 -9999.0 -9999.0 -9999.0 -9999.0
-9999.0 -9999.0 -9999.0 -9999.0 -9999.0 -9999.0 -9999.0 -9999.0 -9999.0 -9999.0 -9999.0 -9999.0 -9999.0 -9999.0 1581.370000 1581.176000 1580.987000 1580.761000 1580.590000 1580.541000 1580.383000 1580.079000 1579.776000 1579.446000 1579.130000 1578.847000 1578.578000 1578.263000 1578.012000 1577.726000 1577.478000 1577.260000 1577.026000 1576.804000 1576.615000 1576.421000 1576.275000 1576.127000 1576.051000 1575.918000 1575.697000 1575.496000 1575.254000 1575.078000 1574.889000 1574.689000 1574.515000 1574.313000 1574.065000 -9999.0 -9999.0 -9999.0 -9999.0 -9999.0 -9999.0 -9999.0 -9999.0 -9999.0 -9999.0 -9999.0 -9999.0 -9999.0
-9999.0 -9999.0 -9999.0 -9999.0 -9999.0 -9999.0 -9999.0 -9999.0 -9999.0 -9999.0 -9999.0 -9999.0 -9999.0 -9999.0 1581.631000 1581.458000 1581.279000 1581.067000 1580.908000 1580.831000 1580.665000 1580.386000 1580.081000 1579.769000 1579.437000 1579.169000 1578.878000 1578.600000 1578.296000 1578.003000 1577.756000 1577.497000 1577.248000 1577.073000 1576.849000 1576.693000 1576.581000 1576.424000 1576.358000 1576.216000 1576.003000 1575.779000 1575.540000 1575.365000 1575.172000 1574.949000 1574.752000 1574.559000 -9999.0 -9999.0 -9999.0 -9999.0 -9999.0 -9999.0 -9999.0 -9999.0 -9999.0 -9999.0 -9999.0 -9999.0 -9999.0 -9999.0
