oms3_prj_geotop/oms3.prj.geotop/data/Panola_sim_52/output_maps/prof_falda0014.asc
ncols         33
nrows         53
xllcorner     0.000000
yllcorner     0.000000
cellsize      1.000000
NODATA_value  -9999.0
-9999.0 -9999.0 -9999.0 -9999.0 -9999.0 -9999.0 -9999.0 -9999.0 -9999.0 -9999.0 -9999.0 -9999.0 -9999.0 -9999.0 -9999.0 -9999.0 -9999.0 -9999.0 -9999.0 -9999.0 -9999.0 -9999.0 -9999.0 -9999.0 -9999.0 -9999.0 -9999.0 -9999.0 -9999.0 -9999.0 -9999.0 -9999.0 -9999.0
-9999.0 -9999.0 1303.003881 1270.075657 1246.323530 1240.478744 1273.969235 1270.034637 1248.394914 1242.472068 1223.381125 1218.115635 1215.207555 1206.272934 1210.478420 1194.120055 1186.538104 1185.561000 1190.035064 1213.293606 1216.458045 1233.164943 1235.570975 1235.852775 1236.213663 1239.693602 1259.479826 1245.146503 1226.105512 1196.409201 1179.644000 -9999.0 -9999.0
-9999.0 -9999.0 1238.147500 1208.246619 1213.191823 1226.832528 1265.781344 1254.084151 1225.402481 1210.462874 1195.957563 1189.574757 1184.517014 1178.680891 1172.017776 1147.545612 1131.702285 1128.805364 1138.227133 1152.495285 1165.176813 1180.033817 1183.022424 1175.061192 1169.332900 1175.186519 1189.027684 1217.443301 1207.229337 1184.960408 1160.839498 -9999.0 -9999.0
-9999.0 -9999.0 1164.244405 1176.556509 1192.412950 1228.799245 1295.748920 1248.333277 1222.422606 1193.713486 1193.422260 1177.776076 1184.682124 1174.276627 1186.605686 1137.666258 1106.309173 1112.795425 1116.741101 1133.261927 1153.263786 1157.958576 1186.381589 1145.343230 1136.762897 1142.346166 1143.788823 1201.366664 1277.602205 1158.238692 1113.578827 -9999.0 -9999.0
-9999.0 -9999.0 1146.374591 1148.435864 1161.820605 1189.644892 1221.075590 1201.312636 1175.572013 1158.784659 1152.301498 1147.162247 1147.492306 1146.875230 1145.283938 1126.068174 1108.792255 1106.987856 1109.859941 1119.961099 1126.480068 1120.887338 1112.635969 1107.907530 1111.709160 1116.671197 1126.449774 1142.639323 1156.794911 1127.971161 1110.604678 -9999.0 -9999.0
-9999.0 -9999.0 1133.139409 1133.170432 1138.792700 1151.491310 1172.349093 1153.311497 1134.783081 1127.927018 1123.247721 1123.651025 1122.919426 1125.258284 1127.784825 1116.014306 1116.758413 1059.587521 1091.462513 1106.962840 1135.617890 1100.419197 1007.926359 1049.565613 1094.361305 1103.004723 1102.588043 1110.810430 1104.338009 1107.574165 1102.491900 -9999.0 -9999.0
-9999.0 -9999.0 1136.218335 1124.726436 1122.177026 1123.822497 1126.854765 1121.071890 1113.188142 1108.364973 1106.481879 1108.572423 1109.600317 1109.790028 1107.000926 942.740894 274.779270 169.030322 976.450805 1047.341007 1087.321931 1021.456309 966.728384 1000.399211 1050.167524 1087.125825 1101.910857 1104.186613 1102.300196 1103.055378 1101.591709 -9999.0 -9999.0
-9999.0 -9999.0 1122.941423 1113.730243 1109.633983 1108.068835 1108.131893 1103.237016 1096.303672 1082.606981 1076.472573 1100.323623 1101.326777 1102.168836 1087.430605 1023.595918 940.158844 923.617892 900.261331 970.301646 1052.548598 963.980889 906.710720 980.374141 1081.537283 1087.502941 1101.250843 1104.027332 1102.241003 1103.076140 1094.510997 -9999.0 -9999.0
-9999.0 -9999.0 1132.194367 1114.037871 1104.484807 1089.594967 1058.734887 1040.177105 1025.996226 1037.288980 1035.907394 1059.296927 1090.505489 1089.696112 1057.216054 1006.350909 953.245645 929.278231 917.445765 929.501377 943.910398 923.145139 917.739309 973.318175 1060.169642 1081.811917 1104.998746 1110.596625 1107.189079 1108.209268 1105.303491 -9999.0 -9999.0
-9999.0 -9999.0 1120.199000 1106.462595 1096.072824 1051.830698 964.225115 992.494551 972.055591 989.864863 966.190635 1040.268529 1092.095093 1080.217487 1060.426038 1007.818955 960.786225 939.787442 953.641310 911.149956 813.878350 915.595968 918.186474 1000.840911 1070.126429 1106.549164 1132.972888 1128.020934 1141.519529 1110.646242 1096.678775 -9999.0 -9999.0
-9999.0 -9999.0 1144.008047 1117.961219 1103.896279 1075.229745 1038.100799 1035.244421 1034.163233 1027.423486 1030.653256 1045.560332 1056.076237 1057.230784 1039.379195 998.982849 956.132588 920.506133 874.747328 118.431226 175.105633 957.554359 1013.743474 1051.274950 1082.546974 1107.354081 1116.386856 1116.822033 1116.030081 1108.255815 1102.794065 -9999.0 -9999.0
-9999.0 -9999.0 1120.893835 1110.446408 1105.676433 1106.190314 1124.530721 1105.823429 1100.873430 1086.962739 1088.457050 1062.006893 1013.816490 1028.540545 1026.600659 989.093952 956.264949 846.708879 117.056845 740.261255 952.890339 1041.666865 1225.552638 1121.782767 1109.293442 1104.985607 1101.938776 1103.204259 1100.663412 1100.696245 1085.430793 -9999.0 -9999.0
-9999.0 -9999.0 1144.985543 1124.711255 1120.623465 1128.386821 1142.368373 1131.192173 1118.553714 1110.000060 1105.534131 1088.987231 1041.936388 1037.109374 1008.001116 971.265392 941.097421 902.360545 729.408500 767.182311 920.062787 990.291244 1108.375610 1107.070240 1103.632669 1100.000000 1083.389620 1079.696135 1074.814480 1083.731163 1090.385638 -9999.0 -9999.0
-9999.0 -9999.0 1136.217987 1126.069348 1128.232784 1143.652843 1185.314221 1155.453094 1125.432674 1120.808097 1117.210624 1106.871395 1104.349174 1049.680485 991.785236 963.513481 929.659500 928.277571 922.604946 855.198242 777.900190 914.897942 968.065476 1063.310013 1082.821611 1076.787130 1044.768462 1063.576517 1056.827953 1074.717567 1063.522893 -9999.0 -9999.0
-9999.0 -9999.0 1167.331401 1133.693137 1133.112918 1148.891233 1167.533728 1160.491063 1137.664808 1131.297043 1123.764623 1110.361222 1100.141057 1020.582821 978.195601 968.637722 967.350404 976.801747 967.224310 927.540723 871.863419 909.901807 951.708253 1033.006497 1069.760285 1085.241926 1078.455129 1084.436748 1081.483045 1093.679230 1100.345017 -9999.0 -9999.0
-9999.0 -9999.0 1208.951080 1175.360564 1153.274363 1153.435583 1184.344277 1158.506400 1143.081171 1135.943448 1154.798355 1111.867354 1041.409240 1002.922160 946.401673 984.132975 1030.277534 1035.777039 1048.913775 985.628183 959.344414 908.272611 976.781939 1065.836445 1133.790024 1124.466991 1133.361163 1122.723968 1136.244224 1103.938996 1072.470019 -9999.0 -9999.0
-9999.0 -9999.0 1336.557319 1300.123736 1216.324780 1161.228358 1137.557209 1132.773703 1124.098059 1122.242449 1127.797660 1110.203568 1073.608887 1038.532274 1006.054125 1012.825444 1047.365132 1038.721373 1033.612540 986.240965 936.665890 907.178624 948.227725 1050.908001 1120.580007 1140.492826 1147.102798 1141.126424 1135.085253 1115.954362 1105.968692 -9999.0 -9999.0
-9999.0 -9999.0 1130.949967 1127.849299 1126.242443 1124.242582 1110.436820 1116.193754 1104.060884 1111.457050 1108.922702 1114.918686 1136.866467 1101.354775 1068.196520 1041.020401 1027.401652 1026.317390 1002.069747 966.287462 917.399858 167.499627 916.257771 1027.456052 1116.155019 1138.690751 1162.319925 1139.232299 1126.655746 1110.954832 1097.489510 -9999.0 -9999.0
-9999.0 -9999.0 1160.009541 1119.062578 1139.555584 1137.064238 1131.815381 1123.568497 1113.410214 1108.902812 1112.718426 1116.757764 1129.235419 566.882095 1066.516339 1038.812760 1010.598361 1028.063728 999.599982 952.136488 866.007904 0.000000 916.291662 1009.895636 1103.291928 1121.573686 1129.777297 1123.757971 1116.517852 1109.338964 1102.519482 -9999.0 -9999.0
-9999.0 -9999.0 1155.372794 1166.629240 1141.714590 1214.337646 1194.828711 1215.271207 1114.796605 1137.652582 1107.941713 1130.224060 1117.871424 1109.645706 1065.229656 1034.509574 1009.401424 1005.255728 1027.346106 940.403725 376.619182 777.541267 933.757787 1009.742893 1102.057784 1108.533339 1105.373566 1111.512914 1111.813401 1106.171148 1091.042752 -9999.0 -9999.0
-9999.0 -9999.0 1234.487368 1262.147431 1249.348391 1336.213594 1373.096314 1392.601119 1319.153938 1311.137035 1260.318443 1239.547416 1164.540599 1127.613780 1089.485369 1033.081878 1006.069110 1004.539298 995.491982 941.788523 838.515268 904.718268 930.995708 991.041266 1074.369451 1101.649492 1102.283293 1104.976535 1105.573546 1104.815855 1104.013040 -9999.0 -9999.0
-9999.0 -9999.0 1232.553595 1266.161988 1301.654095 1557.711549 2250.040462 1749.124437 1833.692084 1542.391304 1661.078442 1370.704476 1344.879027 1164.826123 1095.004334 1053.800084 999.839629 995.922333 992.036396 939.648813 871.934164 856.629268 915.414174 980.426663 1045.222313 1085.523010 1100.195359 1100.433918 1102.038384 1100.870341 1090.159860 -9999.0 -9999.0
-9999.0 -9999.0 1279.324882 1262.114664 1208.117962 1385.445954 1756.767800 1538.071441 1546.909906 1342.913808 1358.334009 1165.398173 1133.487405 1089.650950 1044.818046 1066.104989 1006.821237 998.425051 979.214695 935.125959 892.224348 869.667952 921.894731 982.561625 1035.641175 1058.568803 1060.217808 1053.762530 1058.401902 1081.798763 1100.663963 -9999.0 -9999.0
-9999.0 -9999.0 1213.594757 1169.087345 1100.589367 1112.469662 915.268406 994.626816 821.664496 928.403059 722.502250 790.268065 964.035647 1033.819745 1180.318871 1177.435903 1061.969911 1017.050755 983.682471 943.835834 909.404766 803.833384 954.463568 1002.098852 1060.932455 1044.909878 1027.564060 1014.747453 986.910909 1013.613233 1064.564701 -9999.0 -9999.0
-9999.0 -9999.0 1258.776029 1146.579612 994.977399 906.727324 132.194311 176.666012 151.284674 143.764458 122.002358 508.011936 894.879551 1034.411742 1186.401676 1168.100912 1068.486502 1018.112860 992.580142 956.108980 910.859531 856.443106 936.026903 995.126346 1026.611781 1018.515032 1008.517468 1016.180933 1024.114309 1039.054703 1100.620424 -9999.0 -9999.0
-9999.0 -9999.0 1226.276068 1128.325911 982.628531 957.117174 944.020020 0.000000 1335.261906 918.299475 1219.554201 1126.900338 1391.693121 1345.714050 1300.077920 1168.336166 1002.079623 1010.080398 1022.043681 976.130586 943.503190 772.290438 971.760366 995.379148 1002.250432 1002.918293 974.846144 1047.363622 1103.422407 1064.722217 1069.164213 -9999.0 -9999.0
-9999.0 -9999.0 1337.757504 1275.556039 1083.856555 1101.886774 1129.848823 1243.271692 1273.360954 1271.651660 1297.715963 1269.616789 1383.849901 1361.030856 1236.361533 1032.599175 986.560531 1006.454670 1003.227459 968.382745 925.402877 853.508620 950.726945 1001.249606 1023.889814 1030.477832 1034.016041 1073.772303 1106.292043 1101.932430 1117.847429 -9999.0 -9999.0
-9999.0 -9999.0 1128.908208 1103.025422 1045.318737 1185.319792 1667.013125 1657.722095 1670.080285 1669.766886 1713.527341 1560.196355 1269.350133 1341.270669 1208.178419 1078.175594 1018.814866 1018.011765 999.748725 961.301849 917.425413 924.440712 964.556748 1014.594076 1067.274967 1074.276293 1084.178664 1102.918857 1128.776267 1103.865893 1100.388843 -9999.0 -9999.0
-9999.0 -9999.0 1165.302302 1104.407606 994.590961 1065.003754 1303.472303 1283.009672 1281.908939 1506.429970 1549.326572 1515.576733 1510.247468 1345.527315 1185.980034 1159.418560 1048.769363 1032.313628 993.780034 957.376282 934.986884 941.607414 975.522443 1019.119747 1066.332563 1079.847589 1094.572915 1116.572395 1130.573814 1108.977749 1110.638454 -9999.0 -9999.0
-9999.0 -9999.0 1310.325043 1212.369427 1067.727406 1038.928200 1127.164074 1133.606388 1220.023899 1383.380547 1397.099797 1349.653294 1306.340951 1296.001246 1046.769595 1000.390902 999.874196 1005.526061 1024.941910 998.605552 951.512822 997.726226 999.473910 1035.577140 1078.451446 1105.184682 1111.731060 1121.280567 1118.599074 1103.794631 1094.549212 -9999.0 -9999.0
-9999.0 -9999.0 1162.909116 1119.634372 1068.430296 1063.848911 1118.595419 1131.332254 1238.512070 1316.180802 1190.820668 1163.443499 1130.256110 1100.852256 971.777211 936.020010 917.088623 907.618316 884.544562 997.152942 1143.116132 1151.306787 1036.545550 1101.342573 1127.864606 1125.860613 1117.405077 1122.092660 1083.416082 1076.542808 1101.385466 -9999.0 -9999.0
-9999.0 -9999.0 1169.662796 1186.679645 1158.852204 1120.236315 1174.377985 1229.376774 1352.879618 1310.858441 1131.709507 1105.777502 1085.667451 1032.919173 1006.628403 969.180258 927.750112 945.172629 972.036903 1072.252395 1125.114228 1154.719934 1133.661852 1190.540724 1211.314012 1164.657656 1172.040265 1120.835222 1159.940697 1086.691964 1068.603948 -9999.0 -9999.0
-9999.0 -9999.0 1121.047524 1144.511331 1149.069751 1196.688945 1275.607252 1354.405850 1308.579113 1194.990952 960.613567 1022.445243 1048.964821 1035.004381 1008.834091 983.553667 960.263549 948.722013 975.781081 959.611569 937.789951 1012.628802 1109.014141 1138.066069 1148.978338 1112.877702 1117.627761 1106.736312 1105.635498 1053.786362 1069.975278 -9999.0 -9999.0
-9999.0 -9999.0 1035.078670 1104.038948 1137.695319 1347.506837 1339.867124 1313.785963 1198.399821 1168.715135 1003.204704 1018.521111 1004.377044 1016.089492 1000.785764 998.757812 1010.385771 944.319691 916.577154 865.959252 853.753055 925.312304 963.587115 1012.488093 1028.438151 1036.960759 1005.350485 1021.024066 988.146600 979.420116 997.455832 -9999.0 -9999.0
-9999.0 -9999.0 1095.598354 1171.043052 1145.117929 1338.354666 1337.632990 1317.590621 1175.036470 1049.677255 1015.571617 1005.777545 999.358790 991.531253 983.973354 994.873582 967.825651 904.370186 879.891761 912.398420 917.528330 935.614217 971.645733 999.308439 1009.234089 1000.976991 976.845986 957.135231 944.619594 945.540913 995.897366 -9999.0 -9999.0
-9999.0 -9999.0 986.235915 1063.934080 1132.524623 1267.551858 1304.929557 1242.427260 1153.078644 1006.978268 956.539164 942.103548 971.784015 972.861140 947.183205 678.055598 642.781526 732.869368 1077.078679 1006.129820 951.043047 966.477946 982.554147 1010.436145 1007.190779 995.874327 966.982469 952.166730 918.997817 938.540264 962.070802 -9999.0 -9999.0
-9999.0 -9999.0 1057.361137 1063.029375 1051.803985 1111.771415 1112.130211 1106.800258 1051.814064 967.830043 944.110136 948.271673 960.948242 974.947234 997.495197 974.301993 965.440165 1000.210219 1060.306214 1014.824181 989.494244 1002.732204 1026.833900 1044.003994 1045.905613 1040.574400 1007.204244 994.188892 976.384472 968.310230 1004.293312 -9999.0 -9999.0
-9999.0 -9999.0 876.403310 900.716549 831.139622 930.851539 949.176031 913.680290 930.479592 938.678839 945.444067 943.177266 947.858713 983.217403 1008.609399 1026.468234 1060.166150 1024.245468 972.913587 988.996884 1001.277782 1045.979617 1086.555041 1089.993084 1087.914798 1091.429118 1100.921237 1052.130428 1065.465150 998.895167 978.340321 -9999.0 -9999.0
-9999.0 -9999.0 1041.242403 1037.533752 909.736008 820.494506 912.067032 893.439965 906.122290 904.529381 864.312892 910.427718 949.827587 990.835144 1031.537020 1051.355819 1058.170332 1029.393180 990.069539 361.325735 1024.108484 1065.424252 1091.103770 1095.678050 1102.314418 1100.000000 1088.668406 1057.373936 1062.735850 1027.510668 1013.070480 -9999.0 -9999.0
-9999.0 -9999.0 1035.863377 1016.980975 979.523086 1010.494320 965.201285 711.315855 771.012290 711.264579 713.816898 838.084113 939.539420 984.765683 1020.787303 1045.604857 1048.354176 1036.662954 1032.072746 1026.522901 1081.462063 1104.923466 1130.690716 1110.857257 1102.880324 1079.218177 1051.603404 1024.011907 983.830784 968.588412 978.420877 -9999.0 -9999.0
-9999.0 -9999.0 946.051733 1169.764880 1053.190899 1078.923402 1063.568190 943.237233 710.609947 693.523793 623.746968 574.750009 928.272999 972.682081 1011.127657 1030.541176 1031.068904 1022.923539 1021.711837 1033.572832 1067.854018 1101.573003 1110.270708 1102.695358 1081.077519 1040.664573 1022.880883 1015.848272 1001.637431 988.534699 999.896766 -9999.0 -9999.0
-9999.0 -9999.0 939.600327 1056.603609 1077.096774 1159.169944 1255.718713 1107.893785 959.106478 716.927842 387.632138 565.137507 905.025300 960.045659 1011.310720 1023.435112 1015.564519 1011.971488 984.831502 1016.237431 1029.930023 1072.142628 1089.134488 1069.920195 1017.366818 995.729763 989.014091 1014.809153 1039.127419 1015.520762 998.287677 -9999.0 -9999.0
-9999.0 -9999.0 979.190077 1047.544744 1109.373818 1177.654363 1231.173413 1145.318699 1026.131799 919.907935 0.000000 0.000000 764.997713 939.036128 992.470873 1013.451357 1018.187159 1017.615030 1015.598339 1017.648516 1019.902825 1031.596922 1038.648724 1028.181071 996.463094 366.071897 984.943006 1017.148690 1040.404655 1024.184185 1028.100369 -9999.0 -9999.0
-9999.0 -9999.0 942.786046 907.367699 1094.171746 1146.198005 1214.678601 1121.787665 1006.971251 927.277979 748.239158 731.020818 703.545753 908.705916 985.390832 1012.526923 1027.723177 1035.038242 1057.227582 1031.936233 1009.579361 1014.189157 1017.558194 1017.178365 1009.959123 992.341115 996.587321 1018.944681 1052.892663 1020.197427 989.363633 -9999.0 -9999.0
-9999.0 -9999.0 948.772792 984.267169 1031.369280 1090.362542 1106.277626 920.848608 959.345822 904.115859 725.281631 537.448655 538.669440 916.493737 977.291074 1003.524398 1026.393394 1037.142814 1041.753072 1021.781068 1002.533888 996.474868 998.000291 1000.575873 1001.210806 1002.103931 1003.286131 1001.028763 1003.877705 991.678658 993.032226 -9999.0 -9999.0
-9999.0 -9999.0 117.608354 927.886740 956.140468 968.748240 187.099546 941.906580 906.951211 744.356940 317.077314 290.316574 302.307436 940.894524 986.084481 1007.885996 1007.570874 1024.863310 1015.650473 1008.233223 986.763072 985.760984 977.683919 988.565564 986.841060 1002.186158 1019.207776 979.229416 942.378957 968.530725 965.466624 -9999.0 -9999.0
-9999.0 -9999.0 920.378786 918.243363 913.004041 919.706007 919.412121 917.016365 762.174006 102.301775 0.000000 736.945123 922.670107 956.947741 985.881082 1008.572413 1021.930859 1024.919657 1012.884315 998.180949 988.815401 982.869996 981.133584 984.523249 990.527723 997.118515 991.884364 963.974697 944.742041 959.542006 985.572418 -9999.0 -9999.0
-9999.0 -9999.0 907.888656 834.340571 180.364334 845.523721 914.980602 893.833157 560.266312 102.060321 737.451991 957.768034 941.995226 962.426804 974.768169 1022.014163 1059.413227 1037.307334 1012.449227 1000.538494 1014.554974 1010.562393 1005.868375 1012.927051 1020.533847 1016.512498 984.074425 959.743670 943.904529 957.712563 976.717217 -9999.0 -9999.0
-9999.0 -9999.0 916.657192 821.087282 110.027300 210.581094 261.359504 266.083967 842.084116 910.093265 918.883796 930.919850 940.785979 991.690990 1020.410859 1063.992312 1085.987418 1078.728561 1033.465835 1014.291397 991.138835 957.312389 950.971344 958.551439 968.727313 991.885570 998.110413 988.799747 945.156900 955.024568 987.435241 -9999.0 -9999.0
-9999.0 -9999.0 900.088427 836.369109 709.009838 165.538644 172.513992 168.056276 837.040257 905.693584 909.502636 908.236134 934.925211 1093.477702 1107.576239 1155.614453 1188.718309 1162.708778 1017.539367 992.096383 979.059583 935.749716 928.756454 936.237881 957.550440 978.765315 974.982090 967.818198 976.178109 953.356210 978.347979 -9999.0 -9999.0
-9999.0 -9999.0 884.080894 810.358108 755.908020 0.000000 0.000000 0.000000 745.595710 778.936858 772.502961 192.687104 764.869342 802.280511 838.398124 966.223103 1080.511668 1088.731142 977.799087 953.930341 943.995640 903.633106 870.778597 902.558752 911.687656 948.669417 933.437497 929.341713 952.435409 985.422451 1000.776469 -9999.0 -9999.0
-9999.0 -9999.0 831.371653 801.918601 743.306132 710.443833 502.167517 583.066410 716.729917 721.180949 717.540895 703.301358 549.792509 558.812088 543.375525 742.345511 902.699883 875.726621 814.237156 810.125753 781.477108 819.287224 801.350939 807.955684 841.917659 812.963934 724.819272 766.738434 815.474299 978.088077 1049.637639 -9999.0 -9999.0
-9999.0 -9999.0 -9999.0 -9999.0 -9999.0 -9999.0 -9999.0 -9999.0 -9999.0 -9999.0 -9999.0 -9999.0 -9999.0 -9999.0 -9999.0 -9999.0 -9999.0 -9999.0 -9999.0 -9999.0 -9999.0 -9999.0 -9999.0 -9999.0 -9999.0 -9999.0 -9999.0 -9999.0 -9999.0 -9999.0 -9999.0 -9999.0 -9999.0