oms3_prj_geotop/oms3.prj.geotop/data/Panola_sim_52/output_maps/prof_falda0019.asc
ncols         33
nrows         53
xllcorner     0.000000
yllcorner     0.000000
cellsize      1.000000
NODATA_value  -9999.0
-9999.0 -9999.0 -9999.0 -9999.0 -9999.0 -9999.0 -9999.0 -9999.0 -9999.0 -9999.0 -9999.0 -9999.0 -9999.0 -9999.0 -9999.0 -9999.0 -9999.0 -9999.0 -9999.0 -9999.0 -9999.0 -9999.0 -9999.0 -9999.0 -9999.0 -9999.0 -9999.0 -9999.0 -9999.0 -9999.0 -9999.0 -9999.0 -9999.0
-9999.0 -9999.0 1341.504097 1306.937957 1315.631295 1319.435267 1333.311748 1332.195102 1323.620494 1320.097152 1312.882089 1310.037938 1308.373426 1304.569640 1303.676854 1285.780809 1273.204301 1251.208939 1256.533334 1287.157904 1266.915770 1307.675748 1309.354399 1309.851964 1310.094491 1310.726355 1314.625921 1315.361019 1310.269061 1270.954124 1294.554100 -9999.0 -9999.0
-9999.0 -9999.0 1300.419791 906.689411 1282.867381 1312.090029 1327.100018 1324.531228 1315.312014 1309.506560 1255.920106 1231.991871 1284.722378 1290.932849 1272.472613 1221.637103 1171.177084 1128.259354 1148.987847 1153.462452 1237.728323 1217.265762 1233.275073 1223.223529 1199.484074 1121.591077 1128.620537 1303.481498 1266.771935 1291.382782 1260.959720 -9999.0 -9999.0
-9999.0 -9999.0 1254.020280 1212.797978 1293.065266 1310.955176 1338.979924 1319.407944 1311.199395 1301.407846 1129.603493 1245.761774 1277.110054 1267.177757 1266.546844 1182.436221 910.986123 907.886890 827.018087 1164.581093 1211.286762 1193.420471 1163.260633 1180.646012 1177.739003 1101.496189 1025.169490 1259.703871 1317.438814 1244.647373 1147.649071 -9999.0 -9999.0
-9999.0 -9999.0 1224.659293 1226.323478 1258.602868 1300.684679 1308.271662 1303.523908 1281.431472 1220.106301 1211.720856 1185.084735 1193.330412 1206.528733 1194.831388 1150.192259 1113.883248 1100.980423 903.597222 1108.533437 1151.803027 1133.137280 863.937584 849.207280 852.106333 852.780594 867.296652 1176.066020 1231.555222 1177.923865 1134.532218 -9999.0 -9999.0
-9999.0 -9999.0 1191.541807 1190.857751 1194.608328 1229.267205 1264.011903 1231.439326 1172.807613 1155.760075 901.435105 1133.109574 1152.512493 1151.382822 1144.500489 1109.412234 1103.502225 943.060222 960.950152 993.711456 1143.379192 920.144435 764.168705 797.409476 837.337226 832.071462 912.831284 909.748547 1111.946322 1121.847915 1106.895973 -9999.0 -9999.0
-9999.0 -9999.0 1188.614079 1158.361955 1156.163091 1160.419371 1165.603680 1143.771005 1121.945610 856.946459 831.500561 1108.990594 1115.291538 1113.999704 1061.813878 541.482956 346.758978 346.382926 441.718500 714.211541 976.377192 707.123291 523.258732 639.611895 791.261102 822.484553 917.382346 903.286712 719.525802 934.683982 939.794900 -9999.0 -9999.0
-9999.0 -9999.0 1155.220254 1133.489537 1123.513724 1118.264063 1116.833937 931.532123 909.446222 840.673279 818.384900 923.078325 964.488387 963.413924 937.655567 624.931117 702.104253 265.183393 136.554621 911.044737 1004.605735 937.695135 802.990622 713.262919 933.215183 825.715526 841.130561 835.151182 833.950092 912.328246 909.138785 -9999.0 -9999.0
-9999.0 -9999.0 1172.254996 1133.856944 1107.133397 908.788526 915.453552 901.372024 823.124471 965.067282 954.766147 829.622508 915.363937 955.072142 925.169535 612.242058 567.247677 333.030239 258.837086 513.562155 910.201392 902.516099 716.644424 708.976035 905.218459 810.192298 814.135512 820.362690 832.077376 1114.501611 1106.619970 -9999.0 -9999.0
-9999.0 -9999.0 1148.905559 1114.745937 956.514160 930.903224 598.611129 648.026021 757.659255 922.387607 830.546585 805.581718 934.087968 914.615050 949.537852 906.715420 523.424323 433.691678 720.896679 334.976942 724.623601 796.300481 368.204917 710.423692 707.499432 936.511693 1144.634257 1143.396010 901.584875 1119.602481 910.832818 -9999.0 -9999.0
-9999.0 -9999.0 1191.510418 1142.371346 1104.959902 709.637058 641.168338 649.345052 702.328365 797.597352 792.276058 802.232831 821.017959 914.157151 907.710311 698.185561 603.710272 455.513591 399.343334 121.992027 181.832151 531.145437 912.020022 915.955939 907.261302 1104.117636 1124.792074 1128.407199 1127.912015 1114.659431 927.406386 -9999.0 -9999.0
-9999.0 -9999.0 1140.680997 1126.271749 1115.888907 1117.396771 1143.395557 1102.034688 924.393535 911.795881 921.548338 812.517690 923.528815 800.932074 910.434915 659.549231 763.897232 551.125187 327.509753 177.696275 307.872958 949.225687 1187.907600 1120.058737 1105.548449 924.218716 923.662741 927.478819 923.836410 926.526379 912.898576 -9999.0 -9999.0
-9999.0 -9999.0 1201.707258 1159.755947 1152.583097 1167.921706 1189.068668 1139.842431 1122.368539 1116.765831 945.239948 919.354710 802.964563 917.048229 704.584043 643.310372 752.673521 533.619655 290.653437 181.154524 215.585782 319.048300 1056.835468 980.602556 927.952843 923.280914 916.720125 914.871573 913.410218 918.622013 929.160280 -9999.0 -9999.0
-9999.0 -9999.0 1195.131165 1138.265983 1171.129852 1202.122451 1252.321268 1211.476293 1116.670169 1142.028228 1132.455191 1106.375507 1033.472301 920.592426 657.945211 636.639046 734.142843 543.380218 181.219448 106.872488 660.977093 803.942214 714.312310 920.719848 706.428843 909.647003 664.713095 901.439938 708.101254 911.088493 707.876553 -9999.0 -9999.0
-9999.0 -9999.0 1253.315298 1196.269893 1160.285111 1215.343771 1237.049965 1222.188640 1180.470107 1164.904114 1147.072097 1116.453857 994.481258 707.138360 650.594034 772.189055 727.159278 585.790537 409.023062 271.671933 745.873741 804.704887 701.173850 989.218107 936.485808 910.183204 903.367802 913.085157 905.883576 922.092260 930.116699 -9999.0 -9999.0
-9999.0 -9999.0 1296.253545 1249.824145 1234.216761 1189.097333 1260.589983 1225.037171 1193.129897 1174.513356 1191.131802 1119.435458 912.857396 650.474140 592.598171 766.003189 779.817863 653.433116 957.140894 706.868759 918.863665 815.008622 905.980630 1030.306883 1138.701518 1131.653440 1149.289499 1136.086738 1155.754777 1103.854893 705.194201 -9999.0 -9999.0
-9999.0 -9999.0 1420.551828 1325.733731 1300.727945 1240.435437 1195.111050 1179.160330 1155.319458 1147.883327 1146.087218 1116.020260 908.674221 919.450424 782.567854 780.472624 954.650319 810.632231 922.965975 924.839060 737.279228 772.827581 702.019904 1005.735969 1123.467628 1159.176325 1175.626966 1170.347319 1158.209556 1120.495319 1108.817640 -9999.0 -9999.0
-9999.0 -9999.0 1204.681673 1200.531084 1183.204617 1171.596890 1135.724270 1144.886382 1108.358608 1118.076068 825.512306 1125.100457 1142.495460 996.327115 834.219019 946.366836 948.826210 805.307281 670.712874 519.822083 519.558646 154.595227 500.225454 969.976287 1113.576465 1151.755169 1192.292084 1161.682802 1149.175681 1120.118285 965.624879 -9999.0 -9999.0
-9999.0 -9999.0 1244.797300 1170.726010 1206.276297 1208.173614 1195.832342 1173.173444 1128.350567 1122.741308 1116.309259 1133.876052 1126.434847 543.498941 802.042482 820.444433 915.475785 948.413095 785.733335 603.455902 408.135757 0.000000 267.030319 936.865341 981.239728 1127.430445 1146.481665 1141.456825 1130.148831 1116.495659 970.669510 -9999.0 -9999.0
-9999.0 -9999.0 1198.888365 1239.711928 1131.490871 1291.499098 1265.651007 1293.456408 1107.117701 1177.851080 918.071943 1163.227472 1125.730047 703.147844 797.402417 805.175181 808.679080 920.040821 910.943394 655.821151 523.522661 366.058185 513.356331 714.372888 993.427629 1104.557041 985.793572 1117.788390 1120.183629 1108.413719 957.911822 -9999.0 -9999.0
-9999.0 -9999.0 1308.484238 1313.389619 1307.779849 1433.835658 1475.409977 1495.571456 1372.359596 1352.787474 1304.351194 1290.176883 1192.939486 1129.663546 902.814487 807.275656 791.147717 801.182307 769.432501 564.684142 349.685693 351.661734 510.458090 707.409291 947.558643 983.225208 980.916635 985.302787 1105.657963 1104.531854 1101.452096 -9999.0 -9999.0
-9999.0 -9999.0 1305.692120 1316.781210 1334.877665 1669.581840 2259.942125 1866.273184 1911.069445 1624.323747 1707.254554 1421.758255 1368.126855 1165.184596 999.417202 973.505200 946.923954 793.116369 919.068301 512.730581 325.750608 304.898627 408.019266 704.905260 705.020166 960.636877 976.960771 982.220856 994.996200 984.280866 957.975602 -9999.0 -9999.0
-9999.0 -9999.0 1318.590791 1312.597225 1301.073293 1473.969556 1847.530700 1585.817564 1590.711773 1369.441700 1364.622671 1136.359883 1118.370431 940.022451 948.880940 950.272907 937.211325 784.039668 641.762407 509.016676 371.883160 328.806250 415.478238 705.796332 925.535475 945.465258 949.688140 945.489555 948.783675 969.019757 985.238568 -9999.0 -9999.0
-9999.0 -9999.0 1301.995825 1248.173315 1103.578029 1079.560551 802.688368 941.305710 734.844111 852.896921 585.599910 365.633081 902.678976 969.352639 1130.337093 1153.705843 922.633171 790.592127 632.680608 513.100121 414.263105 329.391446 521.541329 906.023727 966.564591 936.937192 924.455078 913.456515 716.427249 664.288418 912.124780 -9999.0 -9999.0
-9999.0 -9999.0 1303.332667 1172.931796 951.231002 274.230310 124.867560 184.737897 148.604827 139.106822 113.700713 694.183880 729.572441 898.706762 1044.997961 1123.471070 952.491954 800.269938 771.546903 597.740125 428.888867 397.558126 504.474188 900.321980 929.208415 917.983424 912.372677 673.116250 702.340239 691.867035 949.960676 -9999.0 -9999.0
-9999.0 -9999.0 1273.425965 1141.287792 518.487362 428.127334 147.669864 0.000000 1308.843646 1135.293226 1117.505146 1147.930101 1379.548713 1333.714916 1237.066889 1117.686656 940.998429 799.419053 796.409017 626.207297 586.296256 341.350615 912.260992 712.210608 717.754266 902.082670 616.483316 706.021260 962.265389 708.862193 905.535947 -9999.0 -9999.0
-9999.0 -9999.0 1376.056816 1262.892317 911.244995 954.235873 1075.171291 1062.705360 1091.725559 1091.218205 1116.494985 1090.594693 1330.428662 1346.767493 1178.549615 932.005811 931.483934 796.221634 784.218328 633.943139 577.391248 550.606979 583.152133 667.388090 702.813199 701.394318 633.280537 910.096800 915.263553 926.043224 1121.299699 -9999.0 -9999.0
-9999.0 -9999.0 1150.098060 932.704240 971.374679 1137.729582 1660.477037 1651.284300 1664.268699 1664.756660 1711.092118 1552.174869 1183.537711 1317.573932 1165.678597 906.253302 917.388707 798.534534 788.728075 770.718655 572.433332 569.359789 644.923561 791.362494 837.785551 906.231384 949.271517 913.628206 1138.524640 911.343505 917.883521 -9999.0 -9999.0
-9999.0 -9999.0 1145.144280 858.757409 913.333799 959.246172 1222.524249 1201.271996 1199.815291 1508.899353 1545.583826 1512.915481 1507.689385 1323.299929 1150.027390 1134.905365 924.223274 945.258441 791.135637 756.192548 744.063729 751.324477 778.844938 794.659852 813.627150 843.068218 869.215956 866.390526 1110.122972 857.971011 862.515334 -9999.0 -9999.0
-9999.0 -9999.0 1325.667822 1211.161033 882.408684 932.382622 1110.054761 1015.453941 1119.459183 1370.202632 1390.911625 1343.637591 1301.451939 1288.453187 994.219583 947.852883 917.132697 932.453404 947.996643 913.036970 830.452276 918.147579 948.637852 817.264457 926.724085 847.829984 985.467140 1005.928940 1109.459135 990.024649 861.158091 -9999.0 -9999.0
-9999.0 -9999.0 1155.161574 1105.304347 811.752270 854.367874 900.718437 1008.567533 1185.083932 1310.570884 1181.569532 1150.066080 1112.481726 1079.676649 919.734112 814.867721 758.471654 728.703195 707.026693 672.824981 1129.935131 1137.440545 920.156298 975.508767 1003.815639 1003.408994 985.134635 1002.242959 984.105150 950.861495 913.711086 -9999.0 -9999.0
-9999.0 -9999.0 1148.987922 1160.305726 1137.780382 1010.991123 1130.615733 1177.722188 1345.474274 1307.355247 1113.873366 1100.169412 996.561441 942.428643 813.852256 784.938309 751.724626 756.792035 751.302817 1060.811488 1114.688242 1138.156661 1125.900351 1158.642536 1174.659981 1140.316880 1124.029744 990.864076 1152.150212 902.965360 807.461797 -9999.0 -9999.0
-9999.0 -9999.0 1105.421869 1124.845422 1129.928733 1153.355156 1222.014469 1345.395948 1308.775721 1191.107420 928.446675 968.824502 967.674473 829.676569 792.479204 773.085886 745.231638 758.253014 950.974507 945.448061 922.440907 995.984721 1094.151597 1121.069085 1128.034125 1022.212958 1027.814476 937.362655 1100.350719 948.888829 970.892672 -9999.0 -9999.0
-9999.0 -9999.0 957.190801 995.894526 1122.234975 1340.821028 1331.006878 1307.436168 1252.920717 1145.641392 923.225379 948.099439 915.209886 806.547753 783.483581 774.286137 794.017944 755.296388 909.566615 852.161625 837.234577 913.742027 938.316335 948.160312 950.129868 945.760917 923.919612 807.724029 921.885788 700.422302 707.517087 -9999.0 -9999.0
-9999.0 -9999.0 990.382927 1142.769715 1124.387127 1331.772260 1329.582904 1305.059779 1137.257884 1013.905870 951.515822 946.115625 810.399122 786.031457 779.377658 895.285444 893.840521 885.163462 868.496560 743.345526 609.330065 744.882218 769.290020 786.955848 793.842870 802.305585 788.646776 639.856445 629.310421 615.049408 907.550207 -9999.0 -9999.0
-9999.0 -9999.0 919.811463 976.137151 1119.778385 1258.670094 1294.227647 1226.570262 1132.597120 970.563607 924.933922 869.803207 785.428492 759.963833 656.574457 652.811606 617.305307 707.515667 906.047568 636.543453 519.005320 520.890319 935.089151 640.451442 661.729361 768.299384 757.317397 619.679698 565.521168 589.826180 620.089838 -9999.0 -9999.0
-9999.0 -9999.0 918.935743 994.448021 1047.377314 1105.042797 1102.198365 1101.539892 1047.702165 945.154681 871.258850 785.259886 750.704145 767.537656 932.947538 468.887833 461.107821 583.351597 931.950060 955.074827 711.701348 942.714343 906.087029 922.667827 651.167763 710.607306 768.715508 767.760072 608.397846 613.099461 702.281609 -9999.0 -9999.0
-9999.0 -9999.0 879.656589 904.684005 836.938486 915.770345 933.839155 907.558094 940.630443 945.521512 933.930439 775.686305 630.094034 752.964370 824.663743 295.374597 604.946475 902.436302 711.217508 911.120389 959.226327 952.120531 943.789767 948.716854 965.905619 920.270280 908.302245 802.518123 925.949862 783.958641 776.851585 -9999.0 -9999.0
-9999.0 -9999.0 826.754739 834.738815 729.840041 772.525023 908.488279 882.411941 903.312709 902.572749 861.585452 768.004447 622.175600 644.834794 908.823281 612.502354 931.624763 904.548186 531.025274 330.101985 966.894307 926.432911 954.660280 927.212202 937.577394 934.227365 829.000409 829.097097 979.197400 958.654225 808.177904 -9999.0 -9999.0
-9999.0 -9999.0 936.809928 658.170669 612.710566 671.720100 919.890721 727.337026 762.294096 707.099509 749.360254 749.116029 609.992059 634.960336 703.966660 906.704630 911.000598 706.926201 650.536718 614.096953 955.932159 974.357286 1130.417306 1103.209787 928.260851 915.572001 911.800602 796.952117 910.011929 883.941656 780.975221 -9999.0 -9999.0
-9999.0 -9999.0 517.091634 1152.985867 916.198500 1037.340177 914.042876 662.839664 738.927970 702.581413 700.828613 637.381117 594.297015 623.974612 701.082684 818.634754 901.253807 704.726403 701.372227 631.876371 929.286126 952.172032 1105.047391 979.222851 908.677243 914.781880 925.081562 700.521207 779.879494 771.940891 766.943489 -9999.0 -9999.0
-9999.0 -9999.0 706.318829 1004.439419 940.444654 1166.829325 1249.014132 1105.957018 706.685089 562.884353 505.636467 550.958868 568.681655 622.041428 702.465260 704.259435 684.968999 664.608160 623.309629 912.133698 983.494843 1031.666411 1051.944177 1009.589499 979.011143 945.249555 714.879625 915.389574 946.845201 703.911036 641.788779 -9999.0 -9999.0
-9999.0 -9999.0 922.704354 975.264456 1074.763623 1178.267551 1218.986301 1131.828523 931.143267 522.165919 506.219371 444.982621 759.048775 773.607920 795.428544 801.020167 799.047989 792.374931 659.086293 702.202729 918.950727 980.555686 931.121264 922.254891 913.864269 336.918982 524.070288 909.652821 905.585937 704.617658 909.133012 -9999.0 -9999.0
-9999.0 -9999.0 264.660008 168.161054 996.433707 1129.290982 1166.118400 725.916839 928.309443 506.374127 506.870647 756.773664 751.561050 772.103562 910.995233 801.111511 786.798458 788.251717 812.126952 709.351761 908.403009 918.919670 916.643184 706.471988 795.106496 611.603787 624.205669 704.354247 921.218294 900.721136 643.532398 -9999.0 -9999.0
-9999.0 -9999.0 525.582893 915.432361 963.575541 1006.802920 964.814142 253.859017 505.185851 567.136377 503.602955 727.251521 730.689854 744.993293 779.068077 770.016495 700.119151 706.323669 918.143332 705.107831 703.144967 905.982974 701.452770 670.722724 784.342284 778.487259 640.227454 649.479297 931.895042 632.462136 639.571401 -9999.0 -9999.0
-9999.0 -9999.0 185.004586 795.849801 908.661858 905.030073 128.129379 233.014541 517.230500 509.554198 506.488035 532.795189 551.802858 568.531245 590.539843 643.232553 952.430764 917.902790 702.133131 673.462772 647.413297 661.424554 649.935229 784.021194 776.164859 783.171480 903.412360 626.355271 524.325869 702.159839 606.724836 -9999.0 -9999.0
-9999.0 -9999.0 141.862450 730.569170 753.983783 771.363705 726.773494 181.390516 285.917138 303.184052 441.231998 470.131034 488.041439 562.068198 603.553337 640.539264 913.757113 703.499929 673.255822 789.487115 782.269080 779.932603 776.944223 772.365980 771.644915 779.932979 789.329144 630.236534 602.674523 624.525264 634.640430 -9999.0 -9999.0
-9999.0 -9999.0 138.175105 266.177688 162.670840 703.530548 723.675752 703.641541 320.005687 192.973049 224.667373 304.596695 407.049667 586.446552 703.275069 666.296844 915.984936 807.788018 796.235110 793.446952 953.520053 956.459638 953.775671 956.467771 958.983342 954.145337 789.714030 767.381624 764.522774 768.220196 773.676390 -9999.0 -9999.0
-9999.0 -9999.0 251.190971 223.033594 105.872945 186.977203 210.935831 224.121977 339.235618 0.000000 104.347811 105.706655 435.595064 761.292333 803.382697 944.932603 968.859101 960.431177 957.171990 952.221141 935.832143 888.725031 879.061229 881.573427 879.096324 932.029556 950.185702 946.427903 744.897810 763.753703 778.794430 -9999.0 -9999.0
-9999.0 -9999.0 234.010300 208.954596 153.132402 162.909447 199.300488 185.579559 108.848022 523.113007 706.779039 109.145806 435.224945 964.482500 976.451427 1102.578283 1150.368048 1130.261269 955.990795 948.061927 937.850306 785.087513 774.091016 778.162937 798.837559 929.927176 929.480894 925.768040 938.574043 749.491542 770.719454 -9999.0 -9999.0
-9999.0 -9999.0 241.384881 193.246287 135.015830 105.683277 142.541764 142.168509 534.733171 630.610399 606.880009 107.063449 343.074728 667.376954 702.651361 830.908890 946.208663 954.376176 913.986452 885.572486 868.170778 753.557843 746.284941 749.647147 756.361953 784.562476 735.012451 731.640502 805.899466 934.003702 795.770414 -9999.0 -9999.0
-9999.0 -9999.0 318.264396 518.542559 362.848088 227.331010 0.000000 0.000000 518.311479 545.298434 528.201160 0.000000 321.422004 424.561555 404.550637 606.149777 767.594096 741.492306 678.012424 674.488086 645.370711 640.807302 609.617015 636.368163 629.177462 573.021458 482.667452 528.604050 573.797979 830.569552 970.754482 -9999.0 -9999.0
-9999.0 -9999.0 -9999.0 -9999.0 -9999.0 -9999.0 -9999.0 -9999.0 -9999.0 -9999.0 -9999.0 -9999.0 -9999.0 -9999.0 -9999.0 -9999.0 -9999.0 -9999.0 -9999.0 -9999.0 -9999.0 -9999.0 -9999.0 -9999.0 -9999.0 -9999.0 -9999.0 -9999.0 -9999.0 -9999.0 -9999.0 -9999.0 -9999.0