oms3_prj_geotop/oms3.prj.geotop/data/Panola_sim_52/output_maps/prof_falda0016.asc
ncols         33
nrows         53
xllcorner     0.000000
yllcorner     0.000000
cellsize      1.000000
NODATA_value  -9999.0
-9999.0 -9999.0 -9999.0 -9999.0 -9999.0 -9999.0 -9999.0 -9999.0 -9999.0 -9999.0 -9999.0 -9999.0 -9999.0 -9999.0 -9999.0 -9999.0 -9999.0 -9999.0 -9999.0 -9999.0 -9999.0 -9999.0 -9999.0 -9999.0 -9999.0 -9999.0 -9999.0 -9999.0 -9999.0 -9999.0 -9999.0 -9999.0 -9999.0
-9999.0 -9999.0 1315.794023 1293.290480 1300.713939 1300.830271 1307.170390 1306.649842 1302.554550 1300.717765 1281.059802 1270.950067 1264.911857 1253.093346 1253.980421 1232.927895 1221.824686 1219.912696 1226.325290 1253.181006 1260.001063 1278.974663 1283.390135 1284.458295 1285.922325 1291.490965 1301.978259 1299.980355 1279.646101 1243.783001 1220.818680 -9999.0 -9999.0
-9999.0 -9999.0 1261.776491 209.757178 1245.831124 1285.704398 1304.547821 1303.397582 1290.526063 1266.924826 1246.080569 1235.308963 1227.390258 1218.073408 1207.294710 1171.933422 1148.157539 1143.854418 1157.317860 1178.015451 1196.701627 1216.545093 1221.944255 1212.199634 1205.756394 1215.229412 1234.598327 1267.380838 1255.286875 1226.909353 1193.759945 -9999.0 -9999.0
-9999.0 -9999.0 1198.890239 1199.086459 1236.503426 1279.885542 1310.076577 1301.404716 1276.820496 1239.984522 1235.442081 1215.154222 1220.911151 1207.529405 1217.730722 1154.574646 1110.903192 1119.327886 1124.730101 1148.045806 1175.149790 1182.481645 1215.493637 1166.900091 1155.631213 1164.501460 1155.007222 1241.361161 1302.442474 1188.896889 1123.892416 -9999.0 -9999.0
-9999.0 -9999.0 1172.043468 1174.529052 1195.554060 1233.744860 1273.158827 1248.745583 1213.065093 1188.334158 1177.929807 1169.907065 1169.397581 1167.280212 1162.906146 1135.018989 1112.441525 1109.079859 1113.693798 1127.456606 1137.127092 1129.614942 1118.209758 1111.596699 1117.304029 1125.349500 1140.378960 1164.168638 1184.904486 1143.791493 1118.535445 -9999.0 -9999.0
-9999.0 -9999.0 1151.225773 1151.046502 1159.373660 1177.846399 1204.505431 1179.168556 1152.186297 1141.483346 1134.426371 1134.698995 1133.265134 1135.179841 1134.959175 1113.678466 1112.255197 1047.514365 1084.760557 1109.021400 1144.425921 1101.410600 963.623180 1009.954397 1057.770532 1102.608226 1105.686691 1117.509814 1108.727045 1113.446927 1106.370963 -9999.0 -9999.0
-9999.0 -9999.0 1153.406615 1137.459346 1133.857191 1136.183732 1140.039960 1131.357745 1119.822116 1112.022052 1109.014317 1113.291601 1114.350366 1113.381429 1103.432629 226.121389 333.439239 338.002703 955.968893 1041.724498 1088.315135 1026.099810 967.439264 1001.206591 1006.370652 1046.369420 1104.421002 1108.159134 1105.819371 1107.047592 1105.460068 -9999.0 -9999.0
-9999.0 -9999.0 1134.686035 1121.660962 1115.776050 1113.895764 1113.676007 1106.407017 1068.282304 1045.937015 1035.691003 1100.973318 1103.502484 1104.105595 1081.228456 989.549315 761.105442 239.443387 112.138128 956.903315 1046.849939 961.830957 903.742022 981.637303 1079.125760 1044.817663 1056.471823 1106.341924 1103.665515 1107.801853 1102.075074 -9999.0 -9999.0
-9999.0 -9999.0 1146.527373 1121.949821 1109.108829 1101.058755 1076.698145 1052.259292 993.438306 1012.602904 1009.466069 1025.684650 1096.680489 1097.044871 1057.334732 998.354420 942.170696 918.402964 906.451480 919.469374 933.956032 917.629374 913.355416 972.982650 1059.913019 1039.178299 1107.534264 1116.847411 1112.639949 1114.371078 1110.358044 -9999.0 -9999.0
-9999.0 -9999.0 1130.881848 1112.131964 1102.104858 1070.848016 973.991643 999.378956 931.122934 965.957164 940.311260 998.629441 1089.655829 1081.999199 1059.873359 1002.930855 952.548255 929.238504 935.805804 730.304698 774.352206 907.100895 910.514987 1000.031149 1072.411094 1109.390575 1142.833734 1138.349652 1155.583622 1117.049349 1101.548611 -9999.0 -9999.0
-9999.0 -9999.0 1161.684218 1127.432754 1108.644845 1085.538329 1047.656358 1040.205837 1031.353933 984.671411 984.634740 1001.732364 1020.547854 1052.995773 1036.571495 992.860111 945.930965 907.200926 701.274420 161.061086 156.462817 938.646895 1005.598815 1049.111774 1083.410330 1110.302221 1121.966925 1123.260115 1122.781898 1113.363891 1107.105104 -9999.0 -9999.0
-9999.0 -9999.0 1131.910029 1117.497685 1111.525847 1112.952313 1135.747582 1110.744692 1103.945848 1088.815593 1082.747485 1022.226023 982.389268 991.600508 1021.346240 981.191133 930.396514 727.560759 267.018708 152.911070 923.544031 1020.738589 1220.565841 1125.043906 1112.242902 1107.556338 1104.123171 1106.147405 1102.947016 1103.527938 1099.284928 -9999.0 -9999.0
-9999.0 -9999.0 1164.502407 1137.372787 1131.977015 1142.643771 1160.452754 1144.615455 1126.747199 1115.057778 1108.841966 1084.958433 1000.869160 1032.353039 1004.004719 963.498783 914.077443 728.196964 147.937228 0.000000 706.242679 976.637576 1107.179312 1108.335203 1105.679918 1101.547422 1096.004114 1095.732376 1093.779434 1100.421531 1101.025581 -9999.0 -9999.0
-9999.0 -9999.0 1154.876002 1140.043864 1142.927444 1164.164027 1212.308111 1176.603598 1136.561788 1129.577132 1123.785096 1109.877173 1105.699721 1050.809290 988.782619 956.107471 826.690978 915.343817 904.724630 184.277721 752.144146 908.410243 963.542297 1064.892899 1089.902447 1090.268926 1055.077237 1074.996025 1069.275549 1088.804457 1072.765411 -9999.0 -9999.0
-9999.0 -9999.0 1198.284795 1153.092715 1151.446961 1172.137219 1195.181441 1184.076337 1153.387264 1143.474883 1132.952803 1114.623375 1100.987917 1023.934394 974.916701 939.685969 928.579251 965.554927 954.282513 914.684717 828.766346 903.282370 946.008556 1032.410691 1072.970768 1090.970792 1085.633818 1092.435216 1090.019126 1098.686955 1103.104311 -9999.0 -9999.0
-9999.0 -9999.0 1243.977527 1202.671554 1182.267286 1180.180319 1213.962674 1181.888777 1160.225239 1149.921683 1170.361266 1116.758973 1052.030617 1004.907981 942.100577 947.629061 989.710184 1023.367015 1037.438569 974.047254 948.145115 901.612626 970.070648 1063.042474 1139.202857 1131.930870 1143.658352 1131.899054 1148.048777 1108.762574 1084.690724 -9999.0 -9999.0
-9999.0 -9999.0 1362.764224 1307.322034 1253.561570 1189.187587 1155.641898 1147.646683 1134.773353 1131.727396 1137.463894 1114.749612 1078.511461 1038.658226 970.316464 971.129329 1018.500231 1001.926977 1021.431717 974.709548 925.935769 861.762378 938.818208 1045.526186 1123.575480 1149.952389 1160.227473 1153.787488 1146.214018 1122.775071 1110.122755 -9999.0 -9999.0
-9999.0 -9999.0 1152.664822 1149.218456 1142.289417 1138.094602 1118.237688 1125.311001 1108.244750 1117.562099 1112.831317 1121.428971 1143.687344 1072.482365 1022.380364 1009.998592 997.486677 987.407261 988.992073 952.565567 901.350012 169.942108 901.546622 1018.885437 1117.667618 1146.748853 1175.870417 1150.697996 1135.345430 1116.046051 1100.949333 -9999.0 -9999.0
-9999.0 -9999.0 1190.124026 1133.909946 1161.470109 1159.542250 1152.007772 1139.211750 1122.326672 1115.896819 1119.920290 1124.213931 1128.607848 523.563261 998.205297 996.787321 978.600859 999.034806 963.668695 933.621440 384.195067 0.000000 256.746228 997.100587 1102.997583 1125.653308 1136.910171 1130.690460 1122.174183 1113.648341 1105.715962 -9999.0 -9999.0
-9999.0 -9999.0 1190.210979 1204.676684 1170.674987 1250.175391 1233.741116 1251.764862 1125.381897 1154.481511 1116.440384 1145.618621 1123.605397 1105.739654 1021.326156 996.804706 973.582743 972.707561 993.662028 900.770157 308.001108 335.199043 916.957953 998.762475 1101.432875 1110.049671 1107.038416 1115.009058 1115.950463 1109.524105 1099.313584 -9999.0 -9999.0
-9999.0 -9999.0 1282.431302 1298.496436 1281.647833 1366.548809 1413.403186 1437.258869 1337.709003 1324.762621 1294.098502 1263.050387 1179.262838 1133.675311 1056.833481 996.910042 971.623102 970.501543 959.211596 926.223714 644.770409 316.141423 918.447766 982.800706 1071.233217 1102.269829 1103.171723 1106.938632 1108.026713 1107.556786 1107.436236 -9999.0 -9999.0
-9999.0 -9999.0 1268.853698 1301.924674 1311.362326 1597.219233 2253.335938 1792.093539 1885.513470 1572.216175 1694.822080 1391.856294 1356.283231 1172.194643 1073.521687 1028.791524 975.166781 961.488660 980.321567 927.698514 724.886339 708.936556 905.035856 973.520609 1043.064217 1089.470872 1101.205457 1101.635475 1104.146017 1102.883030 1094.824686 -9999.0 -9999.0
-9999.0 -9999.0 1303.470862 1300.902564 1250.908374 1419.948954 1789.153167 1554.395613 1559.037320 1352.874681 1358.906829 1159.761533 1129.381139 1068.451377 1016.557032 1032.868964 972.890372 961.989074 969.217154 924.776808 728.173989 730.088502 912.340769 975.757760 1032.934090 1060.222665 1069.164285 1065.081439 1071.120502 1096.034425 1103.251470 -9999.0 -9999.0
-9999.0 -9999.0 1258.910997 1192.785761 1100.928387 1105.588120 902.587881 966.770640 766.408928 911.825739 705.133026 356.044835 640.874322 1003.471440 1176.814366 1171.610208 1028.306582 979.892030 973.699652 934.194235 756.549797 381.537799 943.434055 995.131439 1057.637607 1044.698116 1030.155542 1018.967198 991.554530 1020.474125 1071.693999 -9999.0 -9999.0
-9999.0 -9999.0 1281.759485 1156.959413 975.244444 232.874381 116.755403 235.479483 199.256763 190.116067 165.019098 506.796541 518.557491 973.543509 1176.054506 1161.786752 1041.898346 981.295040 959.562805 945.899810 743.789176 728.837648 926.143222 988.303909 1023.044567 1017.598950 1009.657282 1018.692365 1025.593302 1043.773052 1102.845711 -9999.0 -9999.0
-9999.0 -9999.0 1244.160930 1136.974377 976.325315 936.696073 190.251512 136.300344 1281.542697 1121.489492 1185.481127 1141.865810 1383.938217 1343.680802 1298.207055 1161.705116 976.428452 972.834385 987.703946 966.112111 930.814448 358.383865 958.216578 988.504089 998.670392 1002.086374 975.601057 1050.125055 1105.268052 1066.481229 1079.181831 -9999.0 -9999.0
-9999.0 -9999.0 1353.977107 1283.980263 1064.336776 1074.093893 1029.378582 1016.655771 1044.973740 1044.279679 1067.404806 1040.612702 1361.497394 1359.684406 1234.654547 1011.316715 961.964531 968.799345 968.411426 958.861805 915.442948 735.309155 940.314546 993.888243 1019.156886 1029.625317 1035.417735 1073.475916 1109.733096 1103.676041 1123.754857 -9999.0 -9999.0
-9999.0 -9999.0 1140.477433 1102.289304 1020.508210 1174.388331 1665.298734 1656.027786 1668.479126 1668.342491 1712.564372 1556.688675 1247.199493 1338.715352 1206.521131 1050.711616 985.128107 979.956733 966.050919 936.082943 908.436771 914.870413 955.991622 980.625128 1034.957209 1068.675538 1083.245505 1105.758539 1137.113924 1107.079819 1101.996639 -9999.0 -9999.0
-9999.0 -9999.0 1179.035526 1106.088398 966.678598 1037.585953 1306.163171 1285.833850 1284.707815 1508.177926 1548.314092 1514.854005 1509.894242 1344.616672 1183.100202 1154.879083 1019.726985 1006.206026 958.829098 927.645566 912.164044 915.997818 946.383212 980.856798 1024.675435 1041.618642 1058.762066 1120.986587 1138.148037 1112.115683 1114.047523 -9999.0 -9999.0
-9999.0 -9999.0 1316.927529 1226.147840 1031.157870 1010.473790 1136.448943 1138.462662 1233.596685 1384.275351 1395.998914 1348.555043 1305.431108 1295.584418 1032.898620 986.488992 982.426357 983.052598 997.481974 977.125238 926.816954 968.955942 973.528777 1003.226679 1072.786809 1105.458336 1109.684327 1122.014151 1120.746595 1088.634812 1064.943207 -9999.0 -9999.0
-9999.0 -9999.0 1181.005530 1124.426044 1026.495802 1027.723921 1126.195638 1132.580450 1247.343879 1314.824377 1186.717005 1158.784823 1125.152690 1090.147970 959.642827 930.370883 904.542302 874.151282 850.754630 932.861701 1139.007547 1146.692706 997.809970 1075.116468 1126.530179 1126.001372 1117.160450 1122.183687 1062.852250 1047.032343 1060.772027 -9999.0 -9999.0
-9999.0 -9999.0 1165.872403 1183.162877 1154.501569 1120.073605 1190.112391 1236.930670 1353.223923 1314.519530 1128.421910 1102.517361 1062.469538 1002.512638 970.138404 936.324122 814.816281 915.898002 937.650001 1066.203358 1121.765325 1150.549912 1135.984295 1183.589724 1208.796290 1165.951554 1176.066946 1118.857112 1167.686453 1053.141983 1023.292777 -9999.0 -9999.0
-9999.0 -9999.0 1118.911430 1142.784961 1146.318796 1196.318446 1279.236557 1354.397785 1316.112186 1212.013414 952.759242 1001.128069 1020.913720 996.272368 969.816414 945.909377 924.006453 918.905779 967.068935 954.976709 934.444668 1009.098434 1106.316485 1135.118872 1146.399965 1112.362796 1117.098052 1107.174454 1106.735200 1052.314413 1067.361489 -9999.0 -9999.0
-9999.0 -9999.0 1006.546005 1080.978106 1133.528846 1347.441287 1338.966248 1311.196975 1272.070522 1164.520648 986.978776 992.840611 974.587203 978.166279 961.740895 957.355540 971.436174 915.944169 904.320303 897.807159 884.897394 927.789954 954.879250 989.175051 1002.298212 1009.032207 979.260964 991.535952 987.032928 977.522741 995.662364 -9999.0 -9999.0
-9999.0 -9999.0 1071.632803 1166.632267 1141.197527 1338.071881 1337.214384 1308.559138 1168.645514 1027.902500 993.959610 982.744667 965.218070 955.063227 946.128433 916.773956 825.649802 817.902356 803.613141 782.468315 911.277968 856.601555 935.517698 962.077902 972.393563 967.829478 946.975922 952.298406 940.381958 941.136655 992.468940 -9999.0 -9999.0
-9999.0 -9999.0 962.655257 1039.890356 1128.976404 1265.400818 1300.585134 1235.932860 1147.165898 986.907863 944.090065 924.915878 939.278118 937.659186 903.054192 584.823275 548.166539 637.998901 1012.792464 990.674225 946.168701 962.795462 979.827054 1007.163830 1002.436114 956.655411 931.613457 946.449188 912.552036 933.272452 957.222758 -9999.0 -9999.0
-9999.0 -9999.0 1026.931014 1044.794730 1048.680891 1110.730195 1105.099788 1105.634513 1050.862974 957.288998 924.340320 919.229402 925.985283 938.454462 968.472618 921.280517 906.955833 976.588388 1033.778086 1003.547654 983.891391 1000.502978 1025.210847 1043.260502 1044.138289 1035.060116 969.271831 958.733659 970.751910 962.666714 998.263929 -9999.0 -9999.0
-9999.0 -9999.0 859.557686 883.803492 814.465754 927.736693 944.183999 911.939861 939.166696 948.232991 952.410084 915.705112 941.245338 944.201353 972.310997 977.217151 1042.629416 1011.277056 961.561876 971.259944 992.630921 1041.925670 1084.906087 1089.075166 1086.043857 1085.736946 1058.886556 1010.160643 1054.968343 966.531549 946.616189 -9999.0 -9999.0
-9999.0 -9999.0 1001.642067 994.096382 761.302813 779.615476 911.746927 885.756228 906.454782 905.682010 865.393461 807.946687 942.330109 982.816366 1022.142389 1041.201513 1049.112701 1019.339592 971.321473 320.065258 1005.184024 1057.991473 1088.874679 1094.164438 1102.505782 1094.933340 1044.164287 1018.421701 1038.790815 1002.928225 978.700033 -9999.0 -9999.0
-9999.0 -9999.0 1035.131141 1016.077476 976.689946 1013.555258 978.872530 711.895757 771.215886 710.598330 742.754383 761.276345 929.518213 976.535078 1013.648474 1039.213939 1042.492102 1030.143022 1021.465556 1007.474775 1070.908970 1105.032919 1135.162908 1113.045615 1103.706579 1076.937835 1044.402932 985.749361 956.293489 941.995614 942.751613 -9999.0 -9999.0
-9999.0 -9999.0 944.104843 1174.342191 1055.140712 1084.507443 1074.426384 956.124621 738.204722 704.669758 702.314916 638.614654 914.816074 962.566048 1003.246352 1024.292447 1026.033960 1018.496834 1016.957612 1027.730283 1064.409303 1101.933483 1112.085109 1103.494200 1081.046108 1036.548768 1018.418900 1008.652414 961.453356 948.270356 960.331558 -9999.0 -9999.0
-9999.0 -9999.0 935.207116 1050.431624 1076.225835 1169.055191 1263.509612 1109.434808 965.689098 549.695281 505.082034 532.344534 761.328262 947.386652 1001.117040 1014.949776 1008.592236 1006.282206 981.322804 1013.706800 1029.319184 1074.330781 1090.419277 1069.383620 1010.502365 979.986315 980.455787 1008.758160 1032.147804 1008.755224 991.810084 -9999.0 -9999.0
-9999.0 -9999.0 967.008695 1014.592771 1108.122474 1183.733356 1234.076766 1145.495180 1018.088316 905.828154 511.458448 433.958177 757.211738 915.108664 961.782173 979.441891 982.603262 982.113976 1008.817721 1014.281588 1017.809020 1030.450294 1036.247717 1021.687822 978.033887 323.751685 967.195721 1008.621995 1034.168553 1018.769521 1022.769069 -9999.0 -9999.0
-9999.0 -9999.0 920.983063 144.395542 1047.901998 1143.598185 1203.942917 1112.446057 987.175667 910.774800 505.542352 742.661452 738.324047 794.560355 954.312267 974.737946 985.759703 992.157042 1023.388645 1026.227477 1005.933800 1010.674664 1013.195494 1009.402214 975.852017 971.862685 984.985925 1011.023296 1046.352752 1014.268714 983.619820 -9999.0 -9999.0
-9999.0 -9999.0 927.373243 952.218056 1005.414888 1058.265645 1032.515713 189.055492 929.312535 761.418400 510.052693 715.852024 719.599751 784.501005 942.125813 963.400342 1015.239975 1028.083875 1034.079046 1016.158484 997.341099 991.167573 991.858178 991.625169 965.602953 967.064314 993.267069 993.341015 996.945093 984.832491 986.134342 -9999.0 -9999.0
-9999.0 -9999.0 164.980344 910.628642 937.256315 938.037736 123.303817 192.828660 735.871882 556.331159 503.663338 510.505441 528.360385 797.658354 947.184108 994.997882 998.899576 1017.033537 1008.406196 1000.510501 979.249777 977.906720 969.040681 957.487795 950.172513 965.298066 1007.691208 970.812852 934.947865 960.716398 957.485388 -9999.0 -9999.0
-9999.0 -9999.0 132.945182 902.104079 876.591137 904.382890 874.375341 231.250792 339.679618 287.281128 302.884170 307.945493 752.083010 938.943541 971.298358 996.829122 1011.669813 1014.466648 1002.251215 965.112831 955.887351 950.730291 949.017828 948.146044 952.520670 960.018704 960.854444 954.013396 935.811644 950.015562 975.085111 -9999.0 -9999.0
-9999.0 -9999.0 712.039864 721.973731 186.360565 756.758717 828.131015 777.361476 531.802819 161.759977 108.756824 922.194266 923.757004 946.557865 961.155822 1008.645292 1045.160205 998.677755 974.962003 962.711611 989.305752 986.807610 982.295281 988.467587 995.367035 991.101500 951.541213 932.222543 917.911048 928.750416 943.035208 -9999.0 -9999.0
-9999.0 -9999.0 754.455010 236.267718 161.181537 191.953396 203.991537 218.855203 710.033205 0.000000 0.000000 911.121842 924.771911 957.804204 983.380231 1033.150385 1056.434685 1047.274773 1005.174594 988.280964 965.640002 932.855265 926.757193 932.896259 941.230122 966.205946 975.559775 968.329221 916.214530 923.014981 949.826547 -9999.0 -9999.0
-9999.0 -9999.0 709.914988 221.849594 154.263933 162.512070 172.179655 174.074418 747.732774 780.301140 815.953774 770.691482 917.741502 1049.486073 1061.372371 1142.976107 1177.908507 1152.588401 989.460613 969.856169 959.567447 910.612011 903.788611 910.905941 930.699042 960.298974 959.380375 953.970737 960.615228 921.135190 939.007855 -9999.0 -9999.0
-9999.0 -9999.0 709.943694 221.456699 120.450420 103.070001 114.157137 0.000000 711.084468 733.961956 730.101257 0.000000 350.367325 752.469724 787.983109 916.235892 1030.628571 1038.837486 948.716247 931.627942 922.703243 791.090350 781.023037 787.043566 813.971499 927.872540 909.561953 905.912700 933.433240 964.945789 959.343036 -9999.0 -9999.0
-9999.0 -9999.0 760.894093 741.637345 704.285033 503.971862 0.000000 182.539212 652.015892 702.337137 679.592732 182.828077 363.501959 509.725345 492.054159 691.813088 852.366525 825.952567 764.262008 760.604870 732.039328 762.155646 747.897901 749.979768 782.070706 749.739748 660.905850 704.413268 752.117842 953.906628 1025.715400 -9999.0 -9999.0
-9999.0 -9999.0 -9999.0 -9999.0 -9999.0 -9999.0 -9999.0 -9999.0 -9999.0 -9999.0 -9999.0 -9999.0 -9999.0 -9999.0 -9999.0 -9999.0 -9999.0 -9999.0 -9999.0 -9999.0 -9999.0 -9999.0 -9999.0 -9999.0 -9999.0 -9999.0 -9999.0 -9999.0 -9999.0 -9999.0 -9999.0 -9999.0 -9999.0