oms3_prj_geotop/oms3.prj.geotop/data/Panola_sim_52/output_maps/prof_falda0002.asc
ncols         33
nrows         53
xllcorner     0.000000
yllcorner     0.000000
cellsize      1.000000
NODATA_value  -9999.0
-9999.0 -9999.0 -9999.0 -9999.0 -9999.0 -9999.0 -9999.0 -9999.0 -9999.0 -9999.0 -9999.0 -9999.0 -9999.0 -9999.0 -9999.0 -9999.0 -9999.0 -9999.0 -9999.0 -9999.0 -9999.0 -9999.0 -9999.0 -9999.0 -9999.0 -9999.0 -9999.0 -9999.0 -9999.0 -9999.0 -9999.0 -9999.0 -9999.0
-9999.0 -9999.0 1068.150633 1047.461566 1039.115164 1034.819357 1047.278020 1047.577575 1043.140125 1046.153983 1041.812740 1042.916095 1044.424537 1043.052785 1049.772942 1047.122089 1047.534077 1047.101721 1045.826791 1052.779559 1048.555808 1053.209374 1052.379508 1052.460289 1051.909456 1050.709657 1056.418169 1048.317003 1043.015348 1035.367678 1032.172274 -9999.0 -9999.0
-9999.0 -9999.0 1043.106859 1036.243298 1032.148915 1034.542270 1048.342881 1046.345637 1039.474102 1038.292908 1035.501626 1035.695143 1035.791307 1036.100144 1037.004423 1028.221414 1020.280059 1018.216675 1023.736947 1029.136723 1032.702169 1038.307599 1038.963770 1035.080263 1031.074066 1031.852121 1033.928651 1045.251132 1040.282605 1037.975551 1030.551660 -9999.0 -9999.0
-9999.0 -9999.0 1023.478635 1029.590611 1034.736244 1046.699708 1079.429092 1056.314288 1051.630055 1042.943504 1047.115512 1041.656871 1048.250779 1045.242670 1058.309824 1033.155654 1001.670696 1014.395008 1020.085121 1031.112702 1043.292083 1045.749727 1065.568373 1038.141356 1028.863169 1029.949227 1029.602750 1053.679794 1100.265575 1036.687172 1002.774536 -9999.0 -9999.0
-9999.0 -9999.0 1025.280044 1026.129199 1032.898343 1045.430884 1059.860773 1053.849925 1046.096577 1040.966436 1040.204301 1038.745529 1040.882536 1043.183505 1046.600470 1036.996172 1024.653151 1024.428040 1027.840287 1038.153653 1044.702327 1040.944422 1038.362902 1026.621529 1024.702115 1025.255186 1031.426846 1039.781070 1051.242003 1030.393025 1012.128028 -9999.0 -9999.0
-9999.0 -9999.0 1025.462225 1026.212065 1031.399894 1041.177090 1056.246627 1047.722755 1037.805765 1035.387639 1034.201322 1034.724893 1035.316481 1040.838714 1049.698293 1047.677206 1070.189696 1040.714634 1041.674148 1049.153610 1085.134623 1035.746694 995.614625 1013.485079 1023.991909 1018.990613 1005.710054 1018.524997 1005.277525 1014.483458 1006.021445 -9999.0 -9999.0
-9999.0 -9999.0 1036.653160 1028.095419 1028.919195 1034.612207 1041.838620 1039.553729 1032.631188 1029.707808 1028.776313 1029.042396 1031.643562 1035.747608 1040.793274 1040.414105 1043.144545 1024.133419 1026.943229 1038.167118 1053.670740 1022.349100 996.769892 1004.445481 1019.522751 1020.381340 1014.562183 1014.238665 1009.563094 1012.640768 1011.349554 -9999.0 -9999.0
-9999.0 -9999.0 1030.171752 1022.711029 1022.305795 1027.698048 1036.069963 1029.165118 1026.627848 1024.209518 1021.739702 1025.297635 1026.153070 1032.824497 1031.816500 1028.124963 1001.618675 999.601113 970.578347 1021.439075 1081.800586 1012.959146 968.593506 1004.764088 1042.265857 1030.085275 1025.889226 1024.610936 1021.261036 1019.995722 1011.186577 -9999.0 -9999.0
-9999.0 -9999.0 1043.509367 1028.557861 1020.324934 1013.292093 1011.555988 1008.152009 1011.477704 1024.435497 1023.274307 1022.721398 1029.687832 1034.529417 1032.873112 1023.954053 1007.618739 999.991155 990.250493 1006.353822 1021.284892 991.878413 978.254330 999.547837 1028.140460 1035.485234 1037.965056 1038.733311 1033.915238 1031.553743 1026.858413 -9999.0 -9999.0
-9999.0 -9999.0 1032.074530 1018.825314 1011.683589 1003.828515 972.734397 990.838297 986.145680 1006.087850 1000.709682 1022.369931 1046.105886 1042.986882 1046.801854 1032.568370 1018.771392 1016.424495 1044.625283 1003.996619 966.221673 983.282019 970.574698 1007.145511 1025.618599 1042.447725 1062.999093 1054.487469 1067.961609 1036.964792 1013.442880 -9999.0 -9999.0
-9999.0 -9999.0 1052.311075 1032.621735 1020.277325 1009.753884 1000.889434 1003.252123 1003.833299 1009.785157 1015.387194 1024.196484 1035.588395 1037.744021 1041.008485 1034.122864 1023.573737 1011.163045 1012.104056 994.302468 992.352443 1014.763975 1020.248048 1031.898702 1034.025085 1039.333417 1046.489870 1046.346246 1046.534052 1037.507275 1030.698968 -9999.0 -9999.0
-9999.0 -9999.0 1026.791949 1017.601820 1016.869023 1025.784239 1051.645295 1032.825075 1031.277745 1028.060425 1037.680498 1031.604322 1020.099657 1031.096895 1040.439909 1033.511452 1028.557121 998.229457 954.193872 990.062774 1048.252760 1079.451429 1124.939425 1073.948756 1051.559792 1035.230267 1024.165243 1027.945427 1020.574956 1023.617206 1015.499858 -9999.0 -9999.0
-9999.0 -9999.0 1044.029412 1029.356497 1028.564208 1038.089004 1051.197703 1047.055865 1040.722757 1037.590716 1040.704684 1037.853268 1032.309164 1033.632733 1032.245731 1022.722203 1011.885946 988.537413 969.082667 979.173387 1014.001975 1048.850133 1102.465750 1064.990941 1043.885980 1026.433072 1017.478396 1014.850235 1015.080451 1020.510926 1027.983194 -9999.0 -9999.0
-9999.0 -9999.0 1031.278516 1025.260754 1030.098697 1043.771919 1072.347919 1058.221341 1040.449362 1044.147361 1049.071502 1048.574073 1062.882652 1039.650613 1022.324627 1013.839233 991.892572 997.837369 1003.142673 982.073322 948.905547 994.035817 1009.367151 1037.478364 1028.468436 1020.353938 999.655273 1010.541978 1006.330637 1017.131397 1011.811448 -9999.0 -9999.0
-9999.0 -9999.0 1045.249099 1026.993626 1031.481597 1046.042459 1060.440280 1061.088980 1050.870036 1052.427293 1055.191280 1051.506232 1044.160320 1023.573628 1012.674990 1008.423318 1009.882930 1018.376538 1020.080540 997.905509 975.391719 985.835869 1003.905164 1030.340275 1038.016416 1033.873535 1022.523757 1024.871009 1022.632509 1028.691218 1031.265284 -9999.0 -9999.0
-9999.0 -9999.0 1055.941332 1043.722846 1046.739781 1051.846400 1075.917814 1063.820867 1058.390523 1058.405407 1083.070309 1053.359220 1008.233979 1010.085183 984.410647 1011.075722 1045.260084 1046.949392 1072.448569 1036.304099 1030.970787 985.179473 1028.095591 1053.201863 1090.721992 1062.522159 1061.565347 1051.206791 1066.239504 1038.310050 1014.751360 -9999.0 -9999.0
-9999.0 -9999.0 1118.836486 1104.598613 1087.930198 1060.182388 1045.743295 1046.243188 1042.593036 1045.726990 1057.086956 1045.136436 1030.175982 1022.534769 1011.814030 1022.410373 1043.384466 1048.742548 1057.133942 1039.946147 1017.301037 997.670777 1015.909987 1050.421973 1077.141625 1075.227513 1069.943519 1063.199784 1060.853367 1047.864650 1036.868917 -9999.0 -9999.0
-9999.0 -9999.0 1037.284028 1037.433438 1030.607146 1027.223797 1011.592650 1023.072435 1009.867670 1027.537510 1031.688560 1048.430637 1083.457905 1054.158779 1044.382535 1038.255521 1033.610335 1042.761055 1035.142110 1031.834633 1014.521985 960.418916 1001.285553 1044.729313 1077.332245 1078.049376 1086.408065 1065.111936 1055.513769 1041.315890 1019.632262 -9999.0 -9999.0
-9999.0 -9999.0 1060.410649 1024.738026 1039.506257 1030.066836 1022.985118 1018.644689 1014.872060 1017.275136 1029.689957 1046.278158 1069.345832 1058.197937 1048.411812 1037.795028 1033.534673 1041.862292 1037.705206 1027.727673 1002.369762 980.417795 1002.172086 1037.656021 1062.660363 1067.326054 1066.713195 1057.364696 1049.403944 1042.600738 1033.695839 -9999.0 -9999.0
-9999.0 -9999.0 1057.432907 1058.277381 1032.477172 1056.284159 1033.282910 1048.800779 996.356209 1029.547481 1009.688722 1050.060317 1052.924847 1060.218055 1035.884536 1036.340511 1030.442911 1035.744002 1058.622093 1033.235569 996.410325 996.648944 1016.193204 1041.897309 1069.078666 1055.600346 1039.151025 1047.937445 1049.180142 1042.283511 1027.624433 -9999.0 -9999.0
-9999.0 -9999.0 1097.771970 1100.832118 1065.731910 1109.019649 1107.893614 1113.822916 1102.145563 1105.124319 1091.270745 1102.833945 1089.692357 1070.716222 1052.099724 1035.651846 1030.154097 1039.360420 1049.937115 1025.630475 998.555165 999.602726 1013.929630 1034.062342 1051.718162 1049.174226 1040.922743 1043.267294 1044.486438 1043.930921 1046.462403 -9999.0 -9999.0
-9999.0 -9999.0 1082.465195 1096.524193 1127.838572 1302.619897 1707.276409 1317.066527 1396.000351 1258.785412 1338.235600 1243.262275 1234.280123 1106.956440 1067.700786 1047.808298 1022.984229 1032.696581 1046.104477 1021.885531 987.210325 981.817644 998.046590 1030.477097 1046.229625 1046.906969 1047.216773 1042.505919 1047.108484 1040.110673 1028.975504 -9999.0 -9999.0
-9999.0 -9999.0 1108.378767 1119.795132 1146.669512 1287.521105 1565.713653 1405.800988 1464.226166 1313.800294 1368.522102 1197.752394 1179.372291 1089.565302 1041.274078 1053.858036 1028.689660 1031.810191 1033.043042 1014.263811 988.689393 989.104454 1002.136686 1030.792825 1043.241531 1044.208053 1038.268598 1030.867002 1030.119084 1040.422303 1050.673117 -9999.0 -9999.0
-9999.0 -9999.0 1103.515645 1110.596985 1123.361380 1161.170733 1135.333467 1172.081742 1114.377796 1132.165267 1008.437686 980.734962 1120.525759 1049.188056 1113.510268 1161.410990 1054.506721 1039.946738 1030.145344 1017.562520 998.147658 967.043233 1036.245786 1044.919765 1068.074062 1042.084125 1027.097676 1016.329870 995.797680 1005.355955 1027.484645 -9999.0 -9999.0
-9999.0 -9999.0 1109.521184 1106.002603 1054.279815 1015.401649 963.983718 983.063623 991.945338 990.107057 967.545842 974.017213 982.135303 1018.962738 1152.738203 1150.272435 1056.946494 1036.195927 1031.904060 1022.368079 993.651735 985.135554 1013.025550 1038.806664 1043.820603 1027.677001 1017.706430 1013.449234 1013.791769 1011.847237 1049.697133 -9999.0 -9999.0
-9999.0 -9999.0 1105.220773 1087.827436 1004.467632 1019.114219 1050.129116 1094.341088 1279.021867 1102.532118 1157.578206 1107.249460 1373.203298 1337.063865 1198.926441 1134.256659 1015.581194 1029.543674 1055.490933 1035.854775 1030.058788 954.024410 1047.250522 1034.489753 1020.963786 1012.765307 989.350661 1021.547989 1058.682667 1021.984531 1025.412353 -9999.0 -9999.0
-9999.0 -9999.0 1134.935529 1118.192402 1062.836519 1086.143777 1115.497738 1308.113276 1506.174172 1503.301404 1323.458643 1291.176938 1358.870433 1345.317835 1138.609286 956.746403 1001.471692 1027.328554 1040.511071 1029.302039 1005.742622 979.943597 1016.101977 1031.121582 1024.709243 1016.383922 1008.936086 1027.396473 1047.908684 1035.235655 1057.605318 -9999.0 -9999.0
-9999.0 -9999.0 1063.073840 1051.294611 1037.514990 1151.138409 1666.310988 1657.186846 1669.851002 1669.916927 1711.796481 1549.467934 1236.656025 1324.879619 1140.560144 1035.363475 1033.074188 1036.026555 1036.952736 1020.212019 993.084355 997.383177 1017.482196 1034.321817 1049.635902 1030.909900 1024.952630 1039.463731 1065.260319 1033.089234 1021.955168 -9999.0 -9999.0
-9999.0 -9999.0 1072.371873 1039.630015 1008.924551 997.854748 1177.803231 1156.561130 1155.013584 1501.257852 1546.251330 1513.273698 1508.428654 1328.603471 1122.470926 1119.219791 1044.883716 1040.541678 1029.238221 1011.942101 998.716912 999.321975 1015.069024 1028.646361 1042.407122 1039.340945 1038.036988 1047.873747 1071.825146 1041.002370 1044.064817 -9999.0 -9999.0
-9999.0 -9999.0 1125.826120 1107.180223 1032.742844 1015.838235 1055.657129 1051.911889 1104.070798 1357.914513 1395.068613 1347.755030 1305.384810 1287.641674 914.885079 868.340945 1007.055616 1032.004568 1043.986041 1025.795233 1005.995229 1025.563528 1017.147766 1031.716301 1041.566328 1048.554795 1042.830956 1049.398933 1061.641094 1041.156763 1029.221849 -9999.0 -9999.0
-9999.0 -9999.0 1103.869689 1100.410234 1040.218554 1038.473156 1053.688237 1065.426388 1128.767816 1314.177434 1202.232662 1174.199115 1139.828080 1092.615260 992.849283 976.127587 1011.560008 1016.555074 1020.468391 1031.786698 1134.213982 1150.188499 1029.032484 1054.175544 1071.031729 1068.951503 1047.115698 1054.570752 1041.256341 1036.119220 1048.231192 -9999.0 -9999.0
-9999.0 -9999.0 1152.789789 1161.232596 1145.496079 1078.758707 1101.608825 1141.369783 1343.119898 1307.060072 1104.073897 1103.093526 1047.661280 1021.753858 1022.628583 1012.020796 990.963698 1007.018138 1010.884790 1048.890762 1088.604005 1123.026281 1100.708651 1153.368766 1166.870800 1113.613398 1100.955240 1068.939247 1102.998272 1056.391282 1039.865883 -9999.0 -9999.0
-9999.0 -9999.0 1105.652466 1117.625634 1134.718992 1154.851982 1171.345011 1328.436038 1310.660100 1162.635051 894.786070 1010.847936 1032.645764 1032.853813 1025.752878 1017.560229 1007.634881 1006.249154 1017.010660 967.840372 847.805094 922.121013 1019.293212 1087.605985 1115.084225 1068.038756 1085.120382 1075.307831 1090.017690 1050.806029 1063.248417 -9999.0 -9999.0
-9999.0 -9999.0 1016.753752 1042.323948 1118.953969 1275.016755 1269.370591 1285.471163 1285.835367 1130.586186 1011.954009 1029.207136 1026.318282 1030.994875 1025.012426 1029.363366 1051.704918 1015.969024 994.775680 978.579160 574.655492 955.808137 997.703352 1021.777709 1032.478729 1039.418687 1030.326310 1034.433668 1016.496673 1022.471287 1032.820698 -9999.0 -9999.0
-9999.0 -9999.0 1029.844311 1108.178107 1045.262307 1080.669957 1093.376534 1088.390682 1073.868002 1022.159014 1005.530431 1023.868236 1025.155011 1021.444157 1018.970083 1030.556557 1039.456183 1024.915021 1002.815502 1003.260941 983.137693 997.753153 1012.582755 1021.801985 1026.356851 1022.459306 1013.685510 1007.546086 1005.700250 1007.053930 1042.873306 -9999.0 -9999.0
-9999.0 -9999.0 992.979325 948.328059 821.982627 888.240758 919.880917 894.269302 858.837631 808.128553 961.466451 1006.268994 1014.440121 1013.250292 997.554647 1007.524728 995.433222 1031.071835 1106.300728 1039.210413 998.180946 1004.646032 1006.525288 1017.854251 1013.873195 1015.834759 1002.704147 999.729537 981.098869 999.043830 1015.066762 -9999.0 -9999.0
-9999.0 -9999.0 1030.348248 743.600681 640.333853 689.340163 708.874239 693.025999 657.084712 628.373145 937.710715 1003.959656 1012.201515 1013.238828 1017.334338 1013.245393 1011.253899 1034.039951 1073.459688 1031.107828 1010.751570 1012.272550 1017.966534 1023.566933 1024.231701 1025.312918 1020.137368 1015.580832 1006.807193 1009.427300 1039.717150 -9999.0 -9999.0
-9999.0 -9999.0 982.706993 473.282505 406.764633 478.606973 504.894054 495.550893 461.888115 474.299644 988.849997 1018.263033 1006.930694 1022.115956 1028.232889 1035.982560 1055.044020 1030.086030 998.251008 1015.519964 1008.686041 1026.671957 1044.774565 1041.743471 1047.162385 1047.286984 1068.781250 1044.518161 1061.279998 1022.613377 1012.778308 -9999.0 -9999.0
-9999.0 -9999.0 1057.647068 1019.552151 943.899357 918.052559 309.682482 305.012751 307.266973 305.592527 984.334685 1021.087526 1018.127670 1027.414223 1040.497287 1043.255952 1045.434457 1027.785720 1011.110428 1017.599466 1024.828937 1040.210954 1053.696152 1053.192958 1052.103131 1051.875131 1056.317615 1047.553209 1055.048897 1035.432580 1036.257864 -9999.0 -9999.0
-9999.0 -9999.0 1054.753320 1021.671275 990.055578 997.779431 966.732977 943.832535 179.657764 156.281197 1002.857396 1022.562310 1020.961584 1029.997693 1036.174064 1042.045902 1039.782365 1032.265464 1031.477945 1032.105902 1051.296595 1058.305272 1084.848638 1062.243950 1052.889391 1046.009967 1037.221604 1033.438676 1019.143979 1015.637270 1013.345812 -9999.0 -9999.0
-9999.0 -9999.0 999.337863 1117.023860 1032.525167 1055.267295 1045.668574 1037.439832 981.790234 912.421806 1028.125580 1028.012978 1026.333262 1030.345114 1035.586562 1036.655831 1032.719090 1026.959833 1027.326313 1030.016970 1043.883717 1053.142615 1063.664537 1052.490746 1042.435010 1033.202736 1028.289469 1025.964172 1023.700939 1018.291529 1027.989838 -9999.0 -9999.0
-9999.0 -9999.0 992.462109 1058.388534 1060.453527 1100.651887 1118.428642 1101.048634 1091.686667 1065.545845 1063.302863 1037.377698 1023.797955 1033.779561 1044.975536 1036.792681 1024.518461 1021.705751 1003.676960 1022.471287 1025.440751 1041.163539 1044.301224 1039.555198 1021.123661 1022.874091 1012.756787 1026.949544 1043.159345 1028.095083 1018.167871 -9999.0 -9999.0
-9999.0 -9999.0 1026.535128 1059.729087 1085.054801 1103.373955 1110.997914 1104.407173 1098.033029 1065.408776 1050.691956 1030.646469 1026.196849 1030.746479 1038.715408 1035.723312 1030.032057 1026.327515 1019.546451 1023.455011 1025.878946 1031.659120 1035.031565 1031.584791 1024.123636 1020.880441 1019.711615 1030.793032 1044.049177 1034.106499 1041.101637 -9999.0 -9999.0
-9999.0 -9999.0 1010.009453 1041.696974 1077.078760 1104.617667 1117.228692 1103.904210 1074.957616 1046.801535 1011.474218 1019.917010 1014.453325 1029.291625 1034.943537 1038.924642 1041.114439 1041.072433 1056.854572 1035.354965 1023.918608 1029.284574 1031.826301 1032.144326 1032.522412 1026.486409 1021.585462 1035.855029 1063.303866 1038.963644 1018.490928 -9999.0 -9999.0
-9999.0 -9999.0 1039.385870 1052.855610 1070.077145 1100.250877 1104.701468 1087.258335 1051.711094 1030.091626 1014.787360 1018.340037 1020.981459 1029.837461 1034.959785 1036.078786 1036.987726 1038.669407 1043.366034 1032.686079 1024.885542 1023.765389 1026.179252 1026.772423 1029.757849 1029.393162 1027.841205 1031.300047 1038.888401 1027.881697 1028.553206 -9999.0 -9999.0
-9999.0 -9999.0 1018.652404 1028.068600 1043.234507 1049.239200 1028.264589 1033.657183 1015.141099 1023.401937 1023.622284 1026.741679 1033.495729 1036.861986 1042.106600 1035.236731 1022.727711 1031.847258 1027.150386 1027.560811 1017.350731 1020.511974 1015.394840 1023.435316 1021.714526 1033.520428 1048.261438 1023.927194 999.564152 1018.543453 1012.046074 -9999.0 -9999.0
-9999.0 -9999.0 1028.533678 1021.457569 1022.337602 1018.055708 1013.160070 1019.761350 1018.273991 1022.812461 1027.284458 1019.707332 1033.763170 1034.921729 1037.339293 1034.429591 1030.369113 1030.753323 1026.609613 1024.189485 1020.945121 1019.602302 1019.524127 1022.423237 1026.157137 1033.255394 1034.518878 1018.288018 1005.113372 1013.835064 1028.848719 -9999.0 -9999.0
-9999.0 -9999.0 1005.854663 995.585814 976.375427 1010.230513 1038.603816 1030.022307 1033.927719 1032.016283 1029.554504 1090.351896 1033.845235 1034.982625 1027.034696 1043.610562 1058.196062 1042.253107 1030.345454 1028.538603 1032.606992 1031.597113 1029.207662 1033.684103 1038.732330 1038.490094 1033.514027 1017.857134 1006.462661 1014.064947 1023.469779 -9999.0 -9999.0
-9999.0 -9999.0 1022.519833 1002.445942 991.460882 1008.007088 1027.527947 1033.945709 1037.312558 1035.491617 1033.077534 1041.431414 1035.405290 1059.299278 1068.379437 1063.672726 1064.878672 1060.970337 1040.003222 1034.377135 1026.050638 1017.869474 1017.301721 1020.541670 1023.585901 1031.752909 1034.734513 1027.711687 1010.925099 1016.607679 1036.783962 -9999.0 -9999.0
-9999.0 -9999.0 1002.495185 1003.474802 1009.988549 1015.350019 1026.241097 1030.832712 1044.001646 1035.243998 1036.291196 1031.341480 1047.872678 1101.319042 1138.147724 1168.187305 1180.393894 1158.246481 1039.861476 1028.292553 1027.506880 1022.452820 1021.584492 1029.632714 1048.484597 1032.118939 1026.238450 1018.569306 1021.381910 1018.494493 1032.499126 -9999.0 -9999.0
-9999.0 -9999.0 1015.807565 1007.022114 1011.565554 1006.790965 1009.431316 1011.972740 1021.306603 1016.527628 1016.404483 1006.522265 997.721113 986.960646 979.463684 1106.229471 1149.321373 1137.786569 1032.911160 1016.768592 1017.743175 1011.016969 1013.382437 1016.506379 1024.298811 1018.832799 1012.978897 1002.230404 1012.090397 1030.040754 1055.100606 -9999.0 -9999.0
-9999.0 -9999.0 1034.644404 1046.134950 1033.162346 1025.040130 1002.741229 1018.630066 1018.220018 1004.458583 1004.598379 985.455620 949.377748 698.104113 687.254344 883.132639 1041.480174 1013.772613 1010.932089 1005.677956 1013.371482 1016.648116 1008.481980 1008.760311 1026.540188 1022.804981 1003.091844 1006.434372 1003.154448 1053.716897 1076.798985 -9999.0 -9999.0
-9999.0 -9999.0 -9999.0 -9999.0 -9999.0 -9999.0 -9999.0 -9999.0 -9999.0 -9999.0 -9999.0 -9999.0 -9999.0 -9999.0 -9999.0 -9999.0 -9999.0 -9999.0 -9999.0 -9999.0 -9999.0 -9999.0 -9999.0 -9999.0 -9999.0 -9999.0 -9999.0 -9999.0 -9999.0 -9999.0 -9999.0 -9999.0 -9999.0