oms3_prj_geotop/oms3.prj.geotop/data/Panola_sim_52/output_maps/prof_falda0005.asc
ncols         33
nrows         53
xllcorner     0.000000
yllcorner     0.000000
cellsize      1.000000
NODATA_value  -9999.0
-9999.0 -9999.0 -9999.0 -9999.0 -9999.0 -9999.0 -9999.0 -9999.0 -9999.0 -9999.0 -9999.0 -9999.0 -9999.0 -9999.0 -9999.0 -9999.0 -9999.0 -9999.0 -9999.0 -9999.0 -9999.0 -9999.0 -9999.0 -9999.0 -9999.0 -9999.0 -9999.0 -9999.0 -9999.0 -9999.0 -9999.0 -9999.0 -9999.0
-9999.0 -9999.0 1114.599183 1107.121163 1104.539684 1103.429657 1107.517165 1107.550008 1105.605967 1105.855255 1104.188601 1104.095156 1104.401195 1103.727177 1105.196571 1103.660623 1102.927527 1102.815697 1103.159908 1106.304714 1106.088566 1108.130792 1107.986674 1107.722185 1107.330643 1107.113696 1109.090061 1107.236768 1105.104478 1101.991589 1100.311771 -9999.0 -9999.0
-9999.0 -9999.0 1104.483626 1102.717692 1101.853164 1102.480174 1106.806872 1106.332402 1103.761037 1102.990894 1101.737281 1101.571481 1101.274338 1101.163946 1100.594144 1085.814702 1065.109733 1062.796484 1076.300156 1092.571426 1100.568262 1102.363092 1102.044964 1101.177351 1100.003387 1098.517745 1100.629807 1104.800956 1102.591578 1101.379392 1088.911526 -9999.0 -9999.0
-9999.0 -9999.0 1084.414366 1094.965931 1100.822178 1104.458506 1117.008290 1108.169091 1105.857729 1102.753902 1102.638958 1101.354505 1102.880545 1101.845696 1104.566267 1082.188253 1024.436884 1042.790660 1054.065456 1079.895215 1100.518621 1101.325821 1105.322414 1090.859302 1075.358757 1074.823109 1070.600860 1104.303842 1121.748249 1092.054059 1029.212824 -9999.0 -9999.0
-9999.0 -9999.0 1073.091041 1075.830161 1090.762830 1102.338432 1107.360475 1105.248348 1102.303281 1100.315539 1096.386299 1092.051743 1096.438828 1098.558170 1100.369874 1078.673878 1054.144120 1048.663136 1055.423634 1075.622227 1082.801335 1078.912094 1067.055832 1047.702750 1048.716806 1052.492929 1063.469734 1089.607504 1100.864659 1065.974681 1032.303004 -9999.0 -9999.0
-9999.0 -9999.0 1066.598409 1066.600545 1075.504953 1094.442061 1103.238064 1100.910076 1084.402299 1072.305066 1065.779528 1067.914145 1070.079037 1078.562614 1089.851276 1080.295958 1099.878546 1055.891554 1056.399883 1071.944110 1104.341016 1047.229366 985.278497 1011.569435 1034.273473 1033.594007 1018.008397 1039.021837 1020.821024 1029.947066 1014.946516 -9999.0 -9999.0
-9999.0 -9999.0 1078.278631 1061.999474 1059.856006 1066.960063 1080.221639 1070.793666 1054.405801 1047.172968 1044.961153 1047.845362 1052.907836 1058.375405 1060.666030 1051.590284 1043.388715 1012.894969 1013.071355 1037.181185 1068.912689 1013.106353 974.175678 990.323483 1023.079359 1033.276271 1030.544294 1031.474915 1023.859780 1025.662831 1021.125216 -9999.0 -9999.0
-9999.0 -9999.0 1066.404250 1048.733263 1040.904991 1042.602430 1049.151983 1036.743833 1032.149646 1029.696211 1027.805383 1035.599844 1039.192431 1046.978804 1039.400548 1023.498311 982.273075 971.789404 937.589306 1000.530432 1073.030005 989.730639 936.554850 986.605362 1051.818298 1048.713854 1049.593159 1049.897750 1043.621819 1039.434598 1023.288321 -9999.0 -9999.0
-9999.0 -9999.0 1084.218176 1054.309398 1032.238672 1013.414594 1003.446086 998.537159 1004.691882 1028.121211 1027.233798 1029.652663 1042.841396 1047.338820 1038.544947 1015.960921 986.662675 972.422669 961.358315 976.219998 990.472361 961.704694 949.747834 983.605883 1036.011289 1058.494449 1067.298195 1073.901053 1062.430088 1059.047900 1046.942099 -9999.0 -9999.0
-9999.0 -9999.0 1069.419097 1040.972510 1020.351581 999.982697 953.826466 976.540016 972.771971 1000.187998 988.615432 1027.901340 1062.541747 1057.322576 1055.189857 1026.338853 999.530459 990.038376 1016.219840 969.902534 931.961558 955.654163 947.080806 1002.362006 1040.460790 1074.717249 1101.432165 1098.494000 1101.913403 1065.022084 1026.540277 -9999.0 -9999.0
-9999.0 -9999.0 1098.848994 1064.129839 1039.040650 1019.557763 1004.784222 1004.921351 1004.715130 1012.832634 1020.235737 1031.857410 1044.653873 1046.587524 1044.738754 1025.796616 1001.856967 977.246954 970.925436 958.036375 965.792521 1004.298946 1025.440770 1047.308216 1060.569961 1069.520839 1082.164175 1077.741622 1078.499234 1059.230380 1046.666758 -9999.0 -9999.0
-9999.0 -9999.0 1064.229316 1045.650235 1042.380301 1057.296375 1091.977077 1063.468481 1056.809405 1049.448501 1058.855390 1043.968460 1020.283910 1034.113560 1039.552136 1021.531131 1005.500115 959.997009 914.958937 951.747679 1026.563692 1082.612359 1172.064018 1103.181566 1084.144064 1058.896070 1038.548090 1040.557045 1029.007274 1032.075310 1020.563761 -9999.0 -9999.0
-9999.0 -9999.0 1092.480678 1068.032816 1066.693825 1083.763144 1096.133905 1089.655063 1080.156104 1071.172589 1070.065059 1058.725426 1042.265745 1035.156696 1024.684537 1005.622809 987.119424 955.231110 934.029579 941.665700 977.305335 1032.594245 1106.742574 1095.132337 1067.872186 1041.676162 1023.848156 1018.570414 1017.922878 1026.025142 1035.862839 -9999.0 -9999.0
-9999.0 -9999.0 1077.854976 1064.829809 1072.119296 1092.984351 1107.493032 1102.726199 1088.557802 1085.374294 1084.948610 1075.570864 1080.114489 1038.725166 1009.290846 995.564387 970.183049 974.660050 976.905699 947.202840 912.847050 959.978559 992.007073 1041.873290 1042.065624 1034.322175 1002.669076 1016.796643 1009.923270 1023.991381 1015.501830 -9999.0 -9999.0
-9999.0 -9999.0 1097.816763 1071.524440 1075.482334 1095.724832 1103.350585 1103.436504 1099.951059 1095.618430 1084.276508 1075.504573 1050.048627 1014.331120 995.672480 995.376103 1001.353899 1012.464544 1010.763092 974.535193 944.347409 952.741758 982.778780 1032.189051 1050.577451 1061.985109 1045.216226 1049.808174 1040.779169 1047.803233 1046.443380 -9999.0 -9999.0
-9999.0 -9999.0 1104.623757 1091.112260 1083.885805 1093.452472 1106.505599 1103.140365 1100.581433 1094.470697 1105.477309 1080.981725 1003.325471 998.190414 964.047802 1004.146309 1052.550576 1059.717856 1084.376667 1029.588771 1010.115027 951.879618 1010.091453 1067.197128 1107.649852 1098.588420 1101.660065 1091.858280 1102.151372 1066.859846 1026.342423 -9999.0 -9999.0
-9999.0 -9999.0 1178.922856 1127.355182 1109.074266 1101.079385 1091.368386 1084.447193 1070.202633 1072.708481 1096.410451 1068.813342 1035.654285 1024.335640 1008.452004 1022.696517 1054.090051 1060.038241 1064.455729 1030.735039 990.208849 961.590212 990.426104 1058.632369 1104.098276 1104.487195 1103.550037 1102.667399 1101.962834 1080.473155 1057.462536 -9999.0 -9999.0
-9999.0 -9999.0 1068.991619 1074.313571 1071.490706 1058.299948 1029.576944 1041.186971 1017.410208 1042.783602 1050.917052 1071.862057 1104.013265 1080.454767 1054.712565 1043.719133 1036.726065 1047.848674 1033.191222 1015.900627 982.234289 922.372997 969.576831 1045.259613 1103.599805 1106.173471 1109.706100 1103.005501 1100.119199 1067.408753 1030.240910 -9999.0 -9999.0
-9999.0 -9999.0 1100.173720 1052.365538 1074.790316 1064.320236 1060.941957 1045.783429 1033.136282 1035.369880 1050.931612 1073.188612 1101.848062 1086.370175 1058.528009 1039.880084 1030.041415 1045.667777 1034.914863 1007.779841 967.667494 944.074261 972.263988 1031.910150 1098.692660 1102.804544 1103.034446 1100.195418 1081.960485 1065.373160 1048.498458 -9999.0 -9999.0
-9999.0 -9999.0 1078.670367 1084.840907 1062.607335 1103.522020 1096.749797 1103.187256 1020.999404 1061.349854 1024.235065 1076.437047 1076.987342 1083.265034 1041.218432 1035.241045 1025.282202 1032.581728 1060.509524 1012.111733 961.998795 959.714851 987.272080 1033.421456 1087.816020 1090.390474 1070.393103 1075.056250 1073.032503 1060.935121 1039.071663 -9999.0 -9999.0
-9999.0 -9999.0 1111.607359 1115.551691 1104.458259 1157.324999 1172.285254 1197.406626 1138.932489 1144.740057 1120.327465 1129.762937 1112.255042 1100.018704 1061.510141 1034.281255 1023.161163 1033.092898 1039.175479 998.888067 960.558775 959.365548 981.394818 1019.950943 1058.870282 1066.264873 1058.146434 1059.720124 1060.912428 1059.722788 1062.450381 -9999.0 -9999.0
-9999.0 -9999.0 1110.302328 1116.581636 1149.626402 1358.696527 1913.532406 1506.884025 1575.770894 1342.861023 1501.737535 1304.236591 1303.483933 1117.825263 1080.409521 1054.315913 1018.612227 1025.599628 1033.273056 992.736851 947.580545 940.445613 963.186527 1014.581864 1050.105800 1058.962872 1059.816129 1051.973074 1056.906401 1049.766625 1037.455811 -9999.0 -9999.0
-9999.0 -9999.0 1132.420403 1141.025468 1146.706367 1307.536908 1656.609299 1454.874644 1501.657895 1311.472108 1348.039524 1169.397158 1146.767325 1082.429963 1043.900106 1064.680526 1028.142292 1026.920988 1018.875920 985.642031 950.458358 947.080442 970.658273 1018.162230 1048.169684 1052.759053 1042.414767 1029.820702 1027.124310 1044.142010 1063.837863 -9999.0 -9999.0
-9999.0 -9999.0 1118.253574 1118.671731 1107.497059 1136.344251 1047.948326 1127.654012 979.575368 1093.172419 921.680932 928.200451 1037.155323 1043.798154 1133.746707 1172.341027 1066.277854 1040.510385 1019.446225 992.785265 961.144471 926.062973 1008.842669 1037.863892 1077.095261 1047.119468 1023.896835 1008.327438 982.320191 997.004613 1033.561738 -9999.0 -9999.0
-9999.0 -9999.0 1138.003377 1113.665300 1027.103041 974.595781 923.977534 943.643094 950.264845 957.117009 931.402932 946.180790 962.543391 1038.208468 1170.339668 1162.518483 1068.257051 1037.872045 1026.351210 1002.376502 960.170599 944.827511 985.479482 1029.744075 1043.937463 1024.661967 1009.222135 1008.060790 1015.157942 1014.062422 1067.832528 -9999.0 -9999.0
-9999.0 -9999.0 1131.069750 1102.990422 988.643256 1000.243310 1041.502476 1087.063443 1260.529763 1108.046815 1241.456197 1115.439423 1387.532396 1341.636739 1247.847085 1151.080109 1012.872361 1029.498393 1054.473467 1020.589734 1000.212492 915.669023 1023.982421 1026.317088 1016.559062 1006.641604 975.975509 1025.249062 1081.233854 1036.638666 1042.563324 -9999.0 -9999.0
-9999.0 -9999.0 1227.750350 1154.748641 1069.950294 1100.124379 1121.077464 1300.917297 1380.328984 1377.950228 1328.014339 1297.061278 1373.637234 1353.471962 1172.863082 992.496373 993.154481 1025.268201 1034.598329 1010.444389 974.068023 946.841329 992.710996 1024.377683 1027.376149 1019.459112 1012.111164 1044.267938 1077.956632 1061.452592 1089.046595 -9999.0 -9999.0
-9999.0 -9999.0 1090.983546 1070.433860 1039.060698 1165.486861 1666.039521 1656.855287 1669.391771 1669.303235 1712.658885 1555.800937 1253.391081 1332.865667 1164.260183 1046.160092 1030.952643 1035.462595 1029.099836 999.950730 961.114169 967.488402 998.131195 1032.234368 1064.064159 1048.928729 1045.149163 1071.280308 1100.125010 1060.095270 1040.082251 -9999.0 -9999.0
-9999.0 -9999.0 1105.013657 1056.886162 1000.331067 1030.744927 1203.329904 1182.055388 1180.556803 1497.992923 1547.767751 1514.437416 1509.746054 1336.965532 1147.446674 1139.558267 1051.027519 1043.837132 1020.851923 992.566060 972.649152 976.217527 1000.753223 1029.661014 1059.471366 1065.798868 1069.370331 1086.964211 1102.016068 1069.469728 1068.871981 -9999.0 -9999.0
-9999.0 -9999.0 1190.015346 1124.682796 1041.781057 1018.314087 1086.668986 1082.060538 1124.218793 1370.411813 1398.398801 1350.992459 1308.116482 1291.188078 992.992640 946.665988 998.845846 1028.392583 1046.245732 1022.297582 992.290184 1022.741665 1015.943091 1042.521716 1062.799500 1078.629261 1072.904201 1084.299123 1100.760794 1061.961173 1044.506572 -9999.0 -9999.0
-9999.0 -9999.0 1112.120552 1103.346265 1049.223222 1049.744051 1076.532922 1100.253888 1147.005488 1314.681673 1215.601495 1188.210540 1154.800698 1100.804177 920.803879 860.493954 935.541298 994.315689 1009.803541 1035.163812 1145.525353 1153.670502 1036.648649 1082.830000 1102.050909 1100.752725 1070.525856 1083.800983 1055.709273 1041.843400 1062.687581 -9999.0 -9999.0
-9999.0 -9999.0 1161.580172 1174.079998 1152.984903 1101.340557 1112.781151 1152.729512 1347.674071 1313.895021 1112.229633 1108.276608 1076.145437 1029.701992 1013.590854 987.096915 966.468917 988.752162 1005.023930 1075.124377 1122.037951 1149.959486 1110.594611 1173.790182 1185.166225 1125.334466 1114.321817 1090.910104 1114.558578 1067.198885 1045.573097 -9999.0 -9999.0
-9999.0 -9999.0 1113.154659 1128.832003 1140.128792 1160.261499 1200.986033 1346.470530 1302.703657 1268.421630 905.069454 1012.045639 1041.804403 1037.984844 1022.393739 1007.600507 995.127957 989.469268 1000.039889 938.850789 922.079431 996.546703 1095.217965 1125.900720 1134.198226 1088.159608 1102.251868 1086.081212 1100.584116 1048.554068 1064.001520 -9999.0 -9999.0
-9999.0 -9999.0 1025.006889 1075.676471 1124.434676 1345.335419 1342.920201 1311.832182 1137.491486 1161.602900 1004.512638 1027.393211 1020.928060 1029.052803 1020.175953 1025.880815 1050.163086 996.449453 728.336825 737.120508 724.310657 813.957482 962.610452 1023.015798 1034.169231 1035.814578 1020.755849 1019.950998 996.448371 1000.153019 1016.459677 -9999.0 -9999.0
-9999.0 -9999.0 1059.496033 1146.188179 1135.809810 1318.912302 1320.653264 1306.356625 1150.960124 1045.017794 1016.831028 1019.036278 1016.644540 1012.414275 1009.741052 1031.657769 1042.265990 1026.029642 973.365259 968.751554 946.918739 963.292673 994.194150 1014.287591 1020.935556 1013.336306 997.223451 982.319971 976.489488 979.460808 1025.322734 -9999.0 -9999.0
-9999.0 -9999.0 981.811176 1003.689855 1103.831081 1167.768476 1202.623649 1152.601305 1111.629582 974.442993 940.988297 979.683872 998.345063 1000.311458 983.712222 995.703346 976.779710 1032.990817 1117.616266 1034.406517 977.451528 986.239979 994.268093 1013.183724 1008.867915 1009.338030 988.800528 978.189904 952.646455 973.360574 995.084874 -9999.0 -9999.0
-9999.0 -9999.0 1016.002965 975.804246 926.510128 971.591792 988.333488 948.857228 900.226885 856.412935 810.470621 967.911862 991.587761 1002.562562 1018.399936 1012.000668 1011.722255 1041.192636 1088.636297 1031.162408 1002.350636 1007.552798 1021.316800 1031.851635 1033.541112 1032.890908 1022.896041 1011.167644 996.235066 994.433487 1030.504006 -9999.0 -9999.0
-9999.0 -9999.0 738.893896 762.875115 693.393359 757.766879 774.543303 734.808515 672.757276 665.118769 673.496242 965.099790 981.310233 1014.027362 1030.938573 1045.819566 1071.289525 1034.725892 987.754590 1010.581316 1005.409900 1036.673393 1067.684217 1067.637418 1073.622840 1071.314578 1090.577276 1056.671462 1071.964751 1017.984953 1002.537114 -9999.0 -9999.0
-9999.0 -9999.0 1029.486838 1015.196346 928.729624 884.749286 570.741289 537.184785 486.776128 447.281933 406.008411 952.171825 991.795154 1020.962694 1047.140698 1056.685448 1058.801465 1032.010789 1007.917328 1017.428448 1033.887324 1061.932111 1076.119677 1085.922861 1080.921239 1075.057816 1072.690423 1058.214361 1065.680138 1038.774938 1033.077258 -9999.0 -9999.0
-9999.0 -9999.0 1036.628243 1009.429055 974.580112 991.114447 948.691373 847.441278 293.323658 222.770472 909.030384 969.894337 996.598426 1023.432333 1040.955805 1052.520341 1048.693905 1036.010343 1033.529454 1037.542527 1069.358168 1086.979473 1105.704713 1093.773275 1074.610179 1058.656800 1042.021353 1033.681815 1010.839522 1003.593102 1003.010941 -9999.0 -9999.0
-9999.0 -9999.0 970.536433 1134.626237 1037.736807 1061.112718 1050.540903 995.468567 906.360571 0.000000 913.831658 968.911301 997.384239 1020.373913 1037.905655 1042.492340 1035.663525 1025.431151 1023.212289 1030.021591 1052.811087 1072.611891 1099.145530 1070.998803 1049.831929 1033.038749 1023.931412 1022.212039 1020.668015 1011.995262 1022.895609 -9999.0 -9999.0
-9999.0 -9999.0 966.707032 1059.073376 1072.735986 1113.788117 1166.583290 1107.807900 1039.743729 933.261500 0.000000 930.009588 973.788897 1014.629256 1044.810202 1040.574015 1024.383724 1018.109550 992.638722 1017.304881 1023.363331 1046.948156 1053.313304 1043.843711 1015.745710 1015.076434 1002.074411 1023.852128 1047.668208 1027.252277 1012.795241 -9999.0 -9999.0
-9999.0 -9999.0 1007.246065 1061.508158 1102.403578 1121.838280 1145.469632 1121.061483 1092.097253 1009.611609 934.638493 0.000000 929.697724 992.195229 1030.540103 1037.771064 1033.609770 1028.662046 1019.442887 1020.831366 1022.023003 1029.824210 1034.794906 1029.698804 1018.947764 1013.273387 1012.376957 1030.054072 1050.495948 1036.209629 1042.242187 -9999.0 -9999.0
-9999.0 -9999.0 984.157718 1031.098003 1099.661473 1117.792072 1153.511059 1115.360850 1076.043201 1011.698444 944.692842 908.508694 0.000000 955.579159 1025.570323 1040.484391 1047.440318 1049.066599 1066.796579 1037.303301 1018.575286 1023.921517 1027.340752 1028.494751 1029.821735 1022.032657 1016.215163 1035.547164 1069.431238 1038.455066 1010.428092 -9999.0 -9999.0
-9999.0 -9999.0 1016.386752 1036.342033 1065.652522 1102.436326 1110.416061 1098.389776 1035.120354 984.226617 923.216171 0.000000 921.752696 989.913662 1025.226525 1036.764218 1041.654822 1045.523208 1049.127373 1032.221265 1018.120548 1014.953192 1017.583637 1020.135011 1025.614870 1027.159693 1025.254858 1025.608851 1030.967393 1019.243602 1020.744278 -9999.0 -9999.0
-9999.0 -9999.0 987.908945 998.713750 1019.072259 1037.669309 1010.614614 1013.967725 982.081038 950.310500 0.000000 932.642849 987.163063 1018.284617 1038.357954 1037.682359 1024.606380 1036.518354 1027.935497 1024.661398 1008.364568 1010.505365 1004.065604 1016.733589 1016.545815 1032.439790 1048.410455 1012.656737 978.824637 1004.299189 999.602575 -9999.0 -9999.0
-9999.0 -9999.0 998.206987 987.741071 986.817628 988.208277 989.159695 996.425645 978.405492 0.000000 957.263677 985.154653 1013.905392 1024.779661 1034.185022 1039.014888 1039.943221 1039.052592 1029.276244 1022.439674 1015.949192 1012.646717 1012.463942 1017.441317 1023.845284 1031.824905 1029.556191 1004.061424 986.213227 1000.017880 1024.124187 -9999.0 -9999.0
-9999.0 -9999.0 974.233635 959.967596 938.744757 977.950951 1017.000916 1011.891275 1014.931359 995.996558 1006.353974 1080.625399 1022.324807 1026.261825 1021.701255 1052.647901 1079.170066 1057.622428 1036.353625 1029.136646 1035.789182 1033.492639 1030.187550 1037.030970 1044.132556 1041.847791 1026.041780 1003.406855 988.860573 1002.700390 1020.963536 -9999.0 -9999.0
-9999.0 -9999.0 995.438961 970.821102 958.129291 975.854155 1000.089786 1011.185003 1019.121611 1015.847770 1014.027305 1022.719854 1019.034294 1051.575836 1067.602857 1079.299529 1090.277495 1083.683608 1049.584090 1037.511968 1022.775089 1005.958179 1004.077510 1009.983167 1016.047461 1027.319927 1030.132722 1020.778437 992.989318 1005.524629 1039.258025 -9999.0 -9999.0
-9999.0 -9999.0 972.246117 970.360386 974.185599 977.139785 987.381224 994.874801 1011.605768 1003.167183 1002.896251 996.834773 1018.062914 1100.123955 1132.362062 1171.373262 1195.395854 1167.497308 1042.729623 1023.364640 1017.800723 996.692001 993.785532 1004.123459 1025.839154 1020.384429 1012.361700 1003.572220 1010.845418 1005.441253 1034.370780 -9999.0 -9999.0
-9999.0 -9999.0 981.039364 966.918913 964.249921 954.982101 952.731786 957.264633 966.950754 963.800287 961.459007 952.301038 945.014579 935.430340 934.596804 1061.708385 1143.082817 1134.513813 1024.427593 1001.485332 997.721868 967.673413 966.427138 971.632184 981.148024 996.668460 988.606665 976.003617 992.743907 1022.749888 1058.838717 -9999.0 -9999.0
-9999.0 -9999.0 979.653664 979.252628 956.747273 944.846158 924.136318 937.414846 938.535568 933.610621 929.475001 920.920943 900.549084 653.859294 641.472885 838.238166 997.300345 970.044276 971.182328 971.077478 969.758163 947.220046 937.095620 943.371844 956.675172 982.269749 950.477867 958.701053 958.016151 1029.879167 1087.671318 -9999.0 -9999.0
-9999.0 -9999.0 -9999.0 -9999.0 -9999.0 -9999.0 -9999.0 -9999.0 -9999.0 -9999.0 -9999.0 -9999.0 -9999.0 -9999.0 -9999.0 -9999.0 -9999.0 -9999.0 -9999.0 -9999.0 -9999.0 -9999.0 -9999.0 -9999.0 -9999.0 -9999.0 -9999.0 -9999.0 -9999.0 -9999.0 -9999.0 -9999.0 -9999.0