oms3_prj_geotop/oms3.prj.geotop/data/Panola_sim_52/output_maps/prof_falda0008.asc
ncols         33
nrows         53
xllcorner     0.000000
yllcorner     0.000000
cellsize      1.000000
NODATA_value  -9999.0
-9999.0 -9999.0 -9999.0 -9999.0 -9999.0 -9999.0 -9999.0 -9999.0 -9999.0 -9999.0 -9999.0 -9999.0 -9999.0 -9999.0 -9999.0 -9999.0 -9999.0 -9999.0 -9999.0 -9999.0 -9999.0 -9999.0 -9999.0 -9999.0 -9999.0 -9999.0 -9999.0 -9999.0 -9999.0 -9999.0 -9999.0 -9999.0 -9999.0
-9999.0 -9999.0 1153.388526 1133.816084 1127.321668 1124.852370 1135.436684 1134.799075 1129.194833 1129.587316 1124.831433 1124.456844 1124.708282 1122.667862 1125.498269 1121.256386 1119.407356 1119.247158 1120.353544 1127.929379 1127.635698 1132.849974 1132.683936 1132.313113 1131.747498 1131.621084 1137.702254 1132.123932 1126.720054 1118.961693 1114.993888 -9999.0 -9999.0
-9999.0 -9999.0 1126.169676 1121.735359 1119.706524 1122.176829 1133.312624 1130.842963 1123.720523 1121.300925 1118.151619 1117.388962 1116.547546 1115.744457 1114.440744 1108.414903 1103.700508 1102.793508 1105.709642 1110.085128 1113.442523 1117.579972 1117.517877 1115.328328 1113.193493 1113.472512 1116.007880 1125.097184 1120.599372 1116.749684 1110.123709 -9999.0 -9999.0
-9999.0 -9999.0 1109.675015 1112.951323 1116.649458 1125.662557 1155.903143 1132.876945 1126.889044 1119.208792 1119.773606 1116.131142 1119.338279 1116.410732 1122.073332 1106.464850 1071.935885 1088.406700 1097.631437 1105.667185 1112.597806 1113.795891 1123.195849 1108.657499 1105.532264 1105.943609 1104.945877 1122.393129 1161.760915 1109.621364 1079.045149 -9999.0 -9999.0
-9999.0 -9999.0 1106.683406 1107.228825 1110.724028 1118.169124 1128.213977 1122.877024 1116.278708 1111.991945 1110.516654 1109.330870 1109.949138 1110.292027 1110.634389 1104.390535 1083.434452 1080.505131 1086.619842 1102.781646 1104.792675 1103.372240 1100.176241 1084.795379 1088.284453 1095.583913 1101.453209 1107.119434 1111.157764 1102.013838 1069.042799 -9999.0 -9999.0
-9999.0 -9999.0 1103.614885 1103.991866 1105.785704 1109.777056 1117.141125 1111.704584 1106.212566 1104.068722 1102.475360 1102.833594 1102.958349 1104.254794 1106.331362 1102.759070 1106.377648 1077.058494 1073.521782 1095.817614 1112.659618 1068.037617 989.764266 1021.680826 1053.121322 1057.726833 1048.155555 1078.441885 1056.397845 1063.064669 1039.918605 -9999.0 -9999.0
-9999.0 -9999.0 1105.385003 1101.998200 1101.314495 1102.207096 1104.011507 1102.288482 1097.352898 1082.474659 1077.070883 1082.545121 1088.611216 1094.292476 1093.677168 1074.385914 1059.067710 1011.640823 1008.711357 1037.812482 1075.483574 1010.766468 965.114166 987.521603 1032.496579 1051.126588 1054.455961 1058.584917 1049.904060 1050.321669 1042.919087 -9999.0 -9999.0
-9999.0 -9999.0 1101.345143 1090.875339 1076.100300 1074.236640 1078.994353 1060.797065 1049.000124 1044.545484 1042.214782 1053.261768 1058.120930 1064.689344 1051.097268 1025.237441 973.858662 956.392571 920.588474 985.955282 1061.978895 975.669507 921.033470 979.036717 1060.752947 1066.160630 1071.866390 1074.590293 1068.285803 1064.855536 1045.212855 -9999.0 -9999.0
-9999.0 -9999.0 1104.862392 1088.051997 1055.731258 1027.028044 1009.928988 1002.205576 1008.789111 1033.383809 1032.828931 1039.983319 1056.237834 1058.717711 1043.272366 1010.601946 972.419295 953.759275 941.724150 955.456506 969.935855 943.499155 934.041817 976.081116 1044.593601 1076.351512 1082.631885 1088.477699 1081.000203 1085.675276 1071.525292 -9999.0 -9999.0
-9999.0 -9999.0 1100.513944 1072.101657 1040.780259 1009.100533 949.273928 974.722010 970.793032 998.964001 982.809817 1034.826080 1073.491850 1065.714062 1056.971579 1018.414017 983.217009 968.881609 991.858393 946.798612 913.282732 938.199043 933.599270 1000.319242 1053.279431 1099.069192 1109.900652 1106.698162 1111.256385 1091.190776 1047.988581 -9999.0 -9999.0
-9999.0 -9999.0 1109.331821 1099.862483 1066.426622 1037.878195 1012.415591 1014.369985 1013.181237 1021.020830 1027.931189 1040.493401 1052.090483 1051.294322 1043.094080 1015.257455 983.299812 953.722683 945.158551 934.811678 945.958056 991.406990 1023.268938 1050.277875 1075.256514 1095.632180 1103.010140 1102.648739 1101.913969 1082.779941 1067.100667 -9999.0 -9999.0
-9999.0 -9999.0 1100.939950 1080.207926 1074.716200 1080.339557 1103.738265 1084.529775 1075.623460 1070.531492 1077.016672 1056.022257 1022.593970 1035.318592 1034.849028 1008.812882 987.304232 936.638621 857.231832 928.738902 1004.905533 1071.216808 1207.524041 1109.704643 1100.679949 1081.347725 1067.066991 1068.405082 1052.431814 1048.772368 1034.405493 -9999.0 -9999.0
-9999.0 -9999.0 1108.776602 1102.038446 1100.367984 1103.094856 1108.838572 1105.838283 1102.358613 1097.126933 1088.785564 1075.232575 1050.656572 1036.024792 1017.569485 991.444427 969.319169 933.829952 913.834830 920.063909 953.629177 1016.473876 1108.529330 1102.127050 1086.277734 1059.602818 1039.380633 1032.685934 1030.824563 1039.272287 1049.463394 -9999.0 -9999.0
-9999.0 -9999.0 1105.007578 1102.217093 1102.718758 1107.690847 1125.101213 1114.655049 1104.304103 1102.692470 1102.614948 1100.252044 1093.699035 1039.314097 1000.681138 981.992979 955.006244 956.010405 956.029144 926.006026 851.177576 940.118651 981.577305 1052.087803 1054.617361 1049.371760 1014.454707 1030.361070 1022.032979 1038.011033 1028.034219 -9999.0 -9999.0
-9999.0 -9999.0 1112.677915 1102.688944 1103.212247 1109.341599 1116.691962 1115.962016 1108.368745 1106.936701 1104.114920 1100.135626 1061.162711 1012.373409 986.472713 986.172612 991.680468 1000.577139 995.609077 955.544839 925.067601 933.225248 969.173129 1032.996811 1058.112241 1069.666237 1057.122605 1062.907590 1053.923199 1067.736900 1065.637156 -9999.0 -9999.0
-9999.0 -9999.0 1128.131024 1111.674589 1106.923314 1109.485289 1123.214740 1115.117324 1110.521418 1108.257734 1117.922209 1101.172911 1011.194164 995.961848 954.580792 999.173034 1049.644423 1055.019728 1074.554256 1014.495690 990.449734 932.347418 996.692844 1069.691866 1116.567922 1106.669419 1110.135313 1103.826747 1110.612056 1086.062748 1046.714508 -9999.0 -9999.0
-9999.0 -9999.0 1274.498245 1172.932752 1130.023399 1113.045461 1106.898624 1105.915596 1103.158581 1102.882512 1106.497758 1100.513628 1045.873898 1030.512287 1009.578837 1023.112364 1058.145569 1058.388137 1056.982779 1016.024929 969.777015 940.594244 974.351314 1059.575285 1110.074291 1115.307222 1115.601480 1112.609145 1110.564291 1101.774111 1082.298433 -9999.0 -9999.0
-9999.0 -9999.0 1098.153842 1102.860735 1102.730474 1102.038210 1084.970263 1093.018229 1058.965750 1085.734690 1091.505532 1100.102260 1112.240949 1092.806754 1063.689888 1047.958637 1039.181651 1045.603728 1024.846487 999.588503 960.450996 903.903180 951.334864 1043.384815 1108.719036 1116.253931 1124.863936 1112.845533 1107.262205 1100.068185 1052.401492 -9999.0 -9999.0
-9999.0 -9999.0 1110.754911 1089.985192 1104.811739 1101.914647 1098.697723 1082.420809 1072.447047 1069.565232 1083.793702 1096.542182 1109.515607 1101.736218 1072.498195 1043.500598 1028.118996 1045.251157 1026.871302 990.001696 945.431771 923.397465 953.552986 1028.316757 1101.851928 1109.338216 1111.302804 1107.236026 1103.357495 1092.108870 1070.591510 -9999.0 -9999.0
-9999.0 -9999.0 1106.986903 1107.975688 1101.660810 1126.908124 1117.617591 1126.120670 1068.017809 1100.726470 1052.785506 1100.303655 1101.221262 1099.136123 1050.745620 1037.534341 1022.501016 1028.927041 1056.260581 994.508833 940.996035 936.894578 967.285335 1026.897714 1100.841532 1102.615667 1100.252444 1102.076272 1101.177748 1083.565725 1057.990070 -9999.0 -9999.0
-9999.0 -9999.0 1134.211577 1144.464193 1129.135261 1250.500674 1286.135802 1303.295283 1212.152420 1211.784589 1149.985499 1160.389922 1125.819178 1107.236684 1078.505355 1036.881905 1019.344780 1025.533923 1025.880332 977.352596 936.743066 935.196967 959.549144 1008.281901 1067.771135 1088.664136 1079.904205 1087.249647 1086.368520 1078.299403 1079.879158 -9999.0 -9999.0
-9999.0 -9999.0 1132.490635 1146.485196 1189.424627 1464.581056 2013.814328 1599.605709 1708.636430 1439.361005 1539.380409 1321.022499 1315.327715 1132.451580 1090.107333 1058.649414 1015.751914 1017.324508 1017.716241 970.236573 924.583591 917.996584 941.196499 1000.336721 1048.592613 1066.369936 1070.583638 1063.854348 1069.294749 1062.208185 1049.913863 -9999.0 -9999.0
-9999.0 -9999.0 1169.842344 1172.325268 1155.294537 1318.532049 1710.392192 1504.318919 1510.194595 1315.016201 1351.696449 1167.305159 1138.546416 1086.423219 1048.260264 1071.398960 1026.693902 1019.708591 1003.698287 963.781638 927.423523 923.689472 948.846489 1004.001392 1044.471229 1055.282912 1046.540045 1033.523853 1031.091122 1051.749674 1075.280821 -9999.0 -9999.0
-9999.0 -9999.0 1139.235790 1129.943313 1100.127393 1124.022098 971.994638 1108.527106 937.065021 1017.840949 871.336314 908.108023 1006.642939 1042.805599 1153.283137 1176.026693 1071.617401 1035.978054 1006.325099 972.263857 937.665920 905.794372 986.587020 1024.532970 1072.415373 1046.891956 1023.561797 1007.322784 979.478396 998.416547 1042.636221 -9999.0 -9999.0
-9999.0 -9999.0 1176.022954 1121.735381 1009.214532 954.555080 903.540421 923.768632 929.325149 934.267453 913.855003 932.916137 947.591725 1046.496585 1180.060511 1167.043876 1074.262069 1034.922982 1016.474145 983.730728 938.096987 922.738204 964.723382 1016.712829 1038.200468 1021.977579 1006.807732 1008.890898 1020.539588 1021.921770 1081.346239 -9999.0 -9999.0
-9999.0 -9999.0 1165.371383 1108.854839 984.019215 986.280455 1034.073720 1091.873037 1346.706770 1114.009950 1278.156134 1124.772406 1392.299836 1344.127859 1275.249835 1160.215457 1013.425064 1026.439520 1045.625733 1003.414278 977.577828 869.544770 1004.408820 1014.967385 1011.432211 1004.252572 972.534061 1032.524863 1095.234176 1052.437744 1052.596393 -9999.0 -9999.0
-9999.0 -9999.0 1303.458418 1203.285657 1075.385331 1101.085369 1126.552568 1278.965635 1310.576320 1308.683474 1336.128819 1302.101961 1380.695120 1357.272433 1200.028517 1013.846070 994.010598 1021.940400 1025.505003 993.414097 952.727705 927.127581 975.331094 1015.919212 1027.309541 1024.100552 1020.112994 1059.391283 1088.311045 1084.344912 1103.260160 -9999.0 -9999.0
-9999.0 -9999.0 1103.291630 1092.166261 1043.140331 1175.069601 1666.282846 1657.046174 1669.491647 1669.296794 1713.083132 1558.382015 1262.812178 1337.085286 1182.968884 1062.867787 1030.743749 1032.745140 1020.262520 984.975483 941.337782 948.360174 983.963205 1028.656307 1070.690438 1063.020213 1064.306285 1088.761715 1107.658974 1086.373794 1074.109571 -9999.0 -9999.0
-9999.0 -9999.0 1121.225673 1075.032100 999.457079 1048.428630 1243.011541 1221.781965 1220.426042 1501.393598 1548.488270 1514.952111 1510.123222 1341.165159 1164.820672 1150.440606 1055.197494 1044.462076 1013.188700 979.558787 957.050020 962.399330 992.135755 1030.259414 1069.288088 1083.938707 1095.282034 1102.999630 1109.879791 1093.867550 1094.859541 -9999.0 -9999.0
-9999.0 -9999.0 1262.479884 1148.839221 1053.522585 1028.103040 1104.017619 1103.001142 1152.134731 1376.267790 1398.162349 1350.759469 1307.770825 1294.099233 1023.097222 976.694329 998.193566 1025.273744 1044.313453 1017.830769 981.499127 1018.939645 1014.881415 1048.497336 1069.503431 1090.185787 1099.560035 1103.888840 1105.797711 1079.465591 1063.994379 -9999.0 -9999.0
-9999.0 -9999.0 1122.067851 1107.180569 1059.127574 1057.176908 1100.360132 1107.100271 1174.017723 1311.784522 1212.968280 1184.147062 1149.763739 1103.188311 951.567376 909.249091 857.901374 948.544248 996.773952 1032.669077 1145.405490 1153.184385 1043.516551 1100.024356 1110.395047 1107.476436 1092.074222 1102.908309 1069.896052 1053.975765 1077.815383 -9999.0 -9999.0
-9999.0 -9999.0 1165.339849 1180.067922 1155.847006 1106.322280 1128.264331 1174.728706 1349.786013 1308.388244 1121.406403 1112.038777 1089.167550 1037.514235 1013.214064 981.396539 948.987131 972.748093 994.697312 1076.078191 1125.032767 1153.874681 1119.252700 1181.000359 1197.756118 1141.239343 1132.058425 1104.905507 1128.233647 1076.620417 1053.257307 -9999.0 -9999.0
-9999.0 -9999.0 1116.625161 1136.387125 1145.471940 1173.032187 1232.595044 1349.867289 1309.740017 1184.425350 923.659570 1018.118691 1050.451437 1041.507749 1020.375460 1000.843532 983.236093 973.240823 978.497674 948.484733 931.451426 1006.219981 1103.820663 1132.391223 1140.619100 1100.710596 1107.358150 1101.005267 1102.099542 1048.747382 1064.425428 -9999.0 -9999.0
-9999.0 -9999.0 1033.914645 1095.002802 1129.198405 1347.795190 1344.534853 1313.362599 1204.443796 1167.252318 999.355366 1027.001823 1019.096999 1027.507901 1016.218226 1020.217288 1039.483968 974.430475 772.779474 781.658840 769.459417 859.217441 957.709892 1022.718845 1035.765103 1037.480088 1017.642773 1019.329326 989.680240 988.620887 1006.220519 -9999.0 -9999.0
-9999.0 -9999.0 1078.237864 1155.433440 1141.296191 1329.772083 1331.439563 1316.952289 1161.368297 1054.499446 1020.221728 1017.179556 1011.517638 1006.589320 1003.681429 1030.053076 1037.308798 986.506187 656.612785 941.592522 931.850543 952.676389 986.015846 1010.677784 1018.749070 1009.656459 989.466212 969.128763 960.611818 963.104330 1011.322744 -9999.0 -9999.0
-9999.0 -9999.0 983.550499 1033.924559 1123.980948 1264.891735 1303.570002 1244.569736 1131.091067 992.222706 950.889842 963.266304 987.707496 991.429763 975.396453 986.536967 964.314038 1025.456258 1116.753529 1021.486296 965.030906 976.357546 987.963118 1011.338368 1007.624806 1006.724752 981.844879 965.824074 936.801649 957.258673 980.242519 -9999.0 -9999.0
-9999.0 -9999.0 1020.754592 1005.172938 1052.881031 1104.893258 1109.616643 1102.967721 1047.340651 934.782381 923.857131 953.633331 977.727797 993.446417 1017.070833 1009.203281 1009.322812 1040.245889 1086.595702 1027.080073 996.911142 1005.365044 1024.313193 1038.308480 1040.760833 1038.230789 1024.062991 1007.592137 987.873645 983.171974 1019.645624 -9999.0 -9999.0
-9999.0 -9999.0 878.193139 902.594505 834.999012 910.835146 934.467427 905.776384 902.565329 904.068460 908.799405 945.315932 962.550084 1004.003641 1030.641666 1047.371917 1074.770432 1036.217681 983.674228 1008.694038 1005.617699 1043.655563 1079.713800 1082.477309 1089.212225 1084.499132 1099.004661 1060.299066 1071.824314 1013.194122 994.908757 -9999.0 -9999.0
-9999.0 -9999.0 1023.245950 1016.437195 920.289933 840.270790 811.976901 779.251608 741.593471 712.325314 684.365087 927.200408 970.044490 1009.013690 1044.512207 1059.856910 1063.923040 1034.998104 1008.088889 1019.725817 1041.380008 1071.648544 1086.602642 1094.274840 1098.095445 1089.322669 1081.288193 1062.897020 1070.003896 1039.491899 1028.577721 -9999.0 -9999.0
-9999.0 -9999.0 1026.965876 1004.447748 968.763704 985.882718 937.059195 623.036116 566.013629 501.467015 423.341896 935.880129 971.744023 1009.440250 1036.731776 1054.484244 1052.627109 1038.929886 1036.060700 1042.690385 1080.240632 1100.509434 1114.254293 1103.001705 1089.658763 1068.687115 1046.693158 1034.007743 1005.784991 995.236384 996.293245 -9999.0 -9999.0
-9999.0 -9999.0 956.400837 1148.193101 1040.879261 1062.322782 1045.148097 955.899593 369.789099 288.949322 215.411653 932.625090 969.254866 1003.146983 1030.999987 1041.880489 1036.792796 1025.766275 1022.997379 1032.474976 1060.451685 1087.917695 1103.316874 1093.494729 1058.532809 1035.984458 1023.261947 1020.228772 1017.585911 1007.040376 1017.922928 -9999.0 -9999.0
-9999.0 -9999.0 953.425574 1058.063115 1073.448308 1127.960210 1211.754632 1109.594018 996.164402 901.099634 0.000000 868.926402 943.953364 992.972035 1034.491896 1037.683397 1023.641937 1016.954199 988.791767 1016.412916 1025.115083 1053.716442 1070.787726 1050.808669 1016.053696 1012.471190 997.333890 1021.305941 1046.647446 1024.474756 1008.288812 -9999.0 -9999.0
-9999.0 -9999.0 995.764394 1059.430386 1105.386301 1141.709672 1184.021734 1133.657908 1067.856650 974.971818 901.980454 501.047050 887.909511 969.186152 1018.365795 1033.666649 1033.469394 1029.551812 1019.626702 1020.140824 1021.060326 1030.186211 1036.625874 1029.880953 1016.817291 1009.193727 1007.817392 1027.649787 1049.778138 1034.156027 1039.095287 -9999.0 -9999.0
-9999.0 -9999.0 968.470197 1023.158342 1100.583306 1129.992655 1187.863408 1122.119687 1051.389781 975.908527 908.520374 342.093302 378.646869 931.214997 1015.944610 1035.734535 1047.169727 1050.999618 1069.219067 1037.318319 1015.627530 1020.529008 1024.152516 1025.335732 1026.959807 1017.817178 1011.386696 1031.878093 1066.293946 1034.025147 1003.809809 -9999.0 -9999.0
-9999.0 -9999.0 997.618541 1021.640858 1064.032702 1102.587372 1112.571078 1086.086785 1008.315083 947.159144 798.916289 123.697993 175.515628 962.281837 1011.075015 1030.925733 1040.875196 1047.173421 1050.341286 1030.614440 1013.236468 1008.570188 1010.925347 1014.120251 1020.667844 1022.642781 1019.643954 1018.383460 1022.442766 1010.437945 1012.026568 -9999.0 -9999.0
-9999.0 -9999.0 964.542573 976.158493 999.179200 1020.935148 992.489545 990.123948 949.940970 911.729435 0.000000 809.293649 953.227592 995.354264 1025.495480 1032.398280 1023.429663 1037.204993 1027.081851 1021.137985 1001.584140 1002.347509 995.167396 1009.714384 1009.946103 1026.372348 1040.796577 1001.582070 964.825138 991.843894 988.193782 -9999.0 -9999.0
-9999.0 -9999.0 971.226049 961.296619 960.648824 963.484250 964.319261 965.533940 937.831305 0.000000 916.230754 949.688191 984.934169 1004.514643 1021.895153 1034.467471 1040.520259 1040.225820 1027.884637 1018.469553 1010.046283 1005.248743 1004.472057 1009.723200 1016.635238 1024.145074 1019.579615 990.183750 970.890218 986.289908 1012.869994 -9999.0 -9999.0
-9999.0 -9999.0 947.112663 933.997999 915.811071 949.494181 980.210210 962.380661 972.916651 950.839018 968.128399 1042.991082 996.489354 1006.943130 1009.202391 1048.512384 1080.410567 1059.248343 1034.597008 1024.359162 1033.936557 1030.668379 1026.743966 1034.124931 1041.732200 1038.452542 1013.872139 988.992480 973.407634 988.933580 1009.695445 -9999.0 -9999.0
-9999.0 -9999.0 964.175131 941.933084 930.449379 941.795490 941.647714 0.000000 962.956188 975.271158 978.392405 989.278527 991.290048 1032.433265 1055.132306 1082.231705 1098.401406 1091.241117 1050.946667 1034.989642 1016.826008 993.790804 990.183328 997.412891 1005.385305 1019.495389 1022.290767 1012.313058 976.291706 989.687287 1025.807780 -9999.0 -9999.0
-9999.0 -9999.0 941.293667 938.597583 939.315373 932.499653 107.796495 933.852112 964.127738 962.570475 963.987304 960.476400 985.213904 1094.260284 1126.018199 1167.809839 1196.432148 1168.108648 1039.733697 1016.464845 1007.177728 972.419833 967.045366 976.560800 998.853478 1007.878895 1000.538614 992.107220 1000.630994 988.171725 1018.848770 -9999.0 -9999.0
-9999.0 -9999.0 944.493536 931.670113 926.819346 913.223004 0.000000 913.402363 926.692442 926.380015 924.914109 918.531808 913.188582 875.067387 911.598547 1038.848235 1134.205540 1129.041227 1014.813314 989.906343 983.183563 938.485185 935.062045 939.452033 949.123870 980.553239 973.053831 962.737458 980.526371 1012.457237 1042.251143 -9999.0 -9999.0
-9999.0 -9999.0 937.167634 933.735257 915.970875 906.556739 791.752190 901.272611 903.730516 901.584858 872.593212 826.639771 756.354315 630.991339 617.919875 815.269589 974.777814 947.817198 939.793885 943.650358 934.630268 915.698604 907.278620 912.495191 922.439834 950.624401 910.185754 924.202541 932.788693 1013.372441 1080.679915 -9999.0 -9999.0
-9999.0 -9999.0 -9999.0 -9999.0 -9999.0 -9999.0 -9999.0 -9999.0 -9999.0 -9999.0 -9999.0 -9999.0 -9999.0 -9999.0 -9999.0 -9999.0 -9999.0 -9999.0 -9999.0 -9999.0 -9999.0 -9999.0 -9999.0 -9999.0 -9999.0 -9999.0 -9999.0 -9999.0 -9999.0 -9999.0 -9999.0 -9999.0 -9999.0