oms3_prj_geotop/oms3.prj.geotop/data/Panola_sim_52/output_maps/prof_falda0003.asc
ncols         33
nrows         53
xllcorner     0.000000
yllcorner     0.000000
cellsize      1.000000
NODATA_value  -9999.0
-9999.0 -9999.0 -9999.0 -9999.0 -9999.0 -9999.0 -9999.0 -9999.0 -9999.0 -9999.0 -9999.0 -9999.0 -9999.0 -9999.0 -9999.0 -9999.0 -9999.0 -9999.0 -9999.0 -9999.0 -9999.0 -9999.0 -9999.0 -9999.0 -9999.0 -9999.0 -9999.0 -9999.0 -9999.0 -9999.0 -9999.0 -9999.0 -9999.0
-9999.0 -9999.0 1100.521570 1076.935002 1065.182711 1060.402430 1077.402823 1077.330609 1070.281245 1072.705123 1066.448576 1067.496022 1069.291986 1067.574827 1075.182666 1070.201792 1069.319079 1069.076225 1069.228077 1079.709375 1076.433374 1083.241709 1082.514214 1081.876154 1080.697458 1079.553132 1085.754791 1078.353229 1070.294612 1058.441357 1052.316986 -9999.0 -9999.0
-9999.0 -9999.0 1068.593236 1059.335904 1054.543052 1059.196695 1076.603602 1074.917545 1064.413372 1061.276261 1056.958578 1056.796872 1057.002120 1057.064690 1057.259285 1043.488243 1031.530724 1029.532836 1037.874782 1046.906264 1053.395606 1061.250946 1062.271211 1056.010798 1050.307633 1050.824253 1054.564853 1071.609306 1062.784560 1059.197563 1046.981470 -9999.0 -9999.0
-9999.0 -9999.0 1038.618172 1046.779765 1054.851951 1071.719069 1102.090446 1086.342127 1076.639595 1064.127001 1067.077903 1061.330403 1069.477372 1066.004732 1080.047382 1046.206482 1006.055484 1021.433783 1029.392955 1045.668395 1062.401067 1065.150263 1085.661618 1053.316310 1041.910193 1042.933278 1040.997678 1076.863183 1105.749940 1053.273534 1008.238147 -9999.0 -9999.0
-9999.0 -9999.0 1037.969753 1039.368764 1049.016822 1066.668107 1088.353220 1076.853639 1064.706202 1056.849759 1055.017441 1053.269498 1056.092779 1059.202263 1062.632410 1049.214237 1033.213572 1031.239704 1036.061008 1050.555772 1060.039669 1051.959934 1044.589260 1031.853554 1031.169063 1032.821431 1040.509526 1053.661444 1070.454981 1040.727993 1016.650416 -9999.0 -9999.0
-9999.0 -9999.0 1036.772483 1037.191420 1043.731566 1056.506297 1074.897155 1063.101829 1049.275600 1045.127691 1042.969240 1044.060416 1045.245395 1052.244138 1062.114337 1058.398422 1081.358572 1045.490949 1046.565551 1058.208950 1099.224650 1038.881232 989.772860 1011.193862 1026.470783 1022.699711 1007.730672 1023.385627 1007.626319 1017.772346 1007.044973 -9999.0 -9999.0
-9999.0 -9999.0 1049.325545 1037.631412 1037.495392 1043.776642 1051.710580 1047.618209 1038.320131 1034.218658 1032.979484 1034.084652 1037.642295 1042.491910 1046.856985 1043.604168 1042.441083 1019.175968 1020.980711 1037.911284 1057.673718 1018.417341 987.110806 998.165527 1020.120322 1024.107054 1018.770652 1018.602674 1012.738689 1015.544669 1013.171480 -9999.0 -9999.0
-9999.0 -9999.0 1041.101052 1029.865908 1027.043355 1031.409381 1039.352153 1030.471744 1027.346534 1025.023615 1022.785089 1027.903649 1029.770589 1037.174465 1033.945230 1025.857149 993.456574 988.430944 956.695847 1013.959926 1080.617710 1004.104802 954.870881 997.166756 1046.062766 1036.533240 1033.694916 1032.662007 1028.159425 1025.595398 1013.918568 -9999.0 -9999.0
-9999.0 -9999.0 1057.041806 1036.166643 1023.018380 1011.770808 1007.006129 1003.295437 1007.750837 1025.633908 1024.470367 1024.606304 1034.076473 1039.039251 1035.043009 1021.134712 999.890765 989.777422 979.609016 995.358474 1009.842150 980.075866 966.630367 992.958117 1030.667405 1043.668433 1049.709231 1051.167129 1045.159581 1040.544667 1032.891351 -9999.0 -9999.0
-9999.0 -9999.0 1043.789693 1024.834756 1013.115968 1000.850977 964.050591 984.268139 979.869940 1003.527128 995.848603 1024.080276 1052.592997 1048.709502 1050.919570 1031.151465 1012.444085 1007.594373 1035.920352 991.474037 952.153000 972.605162 961.026601 1005.132138 1030.538868 1053.484909 1079.627464 1070.459423 1083.287504 1046.222493 1016.445040 -9999.0 -9999.0
-9999.0 -9999.0 1068.194742 1042.288375 1025.357299 1011.738871 1000.925992 1002.629174 1003.048647 1010.058439 1016.610748 1026.560887 1038.801987 1041.294006 1043.288258 1032.144818 1016.464016 998.766392 996.317708 980.604554 982.967265 1012.240063 1023.511993 1040.649509 1043.726333 1049.356072 1056.853622 1056.427418 1055.396166 1044.283270 1035.477677 -9999.0 -9999.0
-9999.0 -9999.0 1037.552383 1024.932652 1023.674710 1035.530271 1066.561088 1043.001132 1039.543794 1034.873983 1045.006960 1035.629955 1019.848753 1032.433032 1041.047857 1030.118495 1020.690464 983.342889 936.994829 975.123159 1042.323186 1084.710957 1140.533280 1091.242548 1064.591445 1042.747647 1027.527148 1030.893757 1021.922826 1025.398861 1016.014562 -9999.0 -9999.0
-9999.0 -9999.0 1059.175144 1040.379949 1039.619908 1052.928117 1070.224387 1063.540535 1053.416172 1048.332525 1050.467061 1044.846574 1035.856026 1034.316384 1029.872323 1016.890515 1002.845978 975.844572 955.118379 964.272535 999.927103 1044.158910 1104.292965 1074.044483 1052.155134 1030.596777 1018.049121 1014.540961 1014.636794 1021.383923 1030.070156 -9999.0 -9999.0
-9999.0 -9999.0 1044.690400 1035.891886 1042.056203 1060.759548 1095.964731 1077.807758 1054.292231 1057.311126 1061.443548 1057.953832 1069.725641 1039.216977 1017.398103 1007.200382 983.704382 989.848521 994.200924 968.426849 933.040891 980.326583 1002.519815 1038.805070 1032.836914 1024.127777 998.814255 1011.144412 1006.084490 1018.395482 1011.819857 -9999.0 -9999.0
-9999.0 -9999.0 1064.078830 1039.477314 1044.193383 1062.566659 1080.671754 1079.918966 1066.099039 1066.850259 1068.716801 1059.497329 1045.395977 1019.339689 1005.756678 1003.517299 1007.453170 1017.749435 1018.525614 989.870844 963.303128 972.659206 995.759801 1031.156343 1043.167634 1043.944713 1030.882923 1032.732919 1029.661421 1034.622036 1035.776339 -9999.0 -9999.0
-9999.0 -9999.0 1077.183655 1057.754029 1059.144449 1067.714184 1094.368619 1079.176807 1071.466288 1071.701175 1098.405607 1060.175126 1004.716883 1004.542176 975.639375 1008.437991 1049.763620 1054.339966 1081.221650 1036.205454 1024.715528 971.830537 1021.621470 1059.714261 1101.691294 1080.591449 1081.454046 1068.541175 1083.533650 1047.530607 1016.977701 -9999.0 -9999.0
-9999.0 -9999.0 1134.070069 1110.553620 1101.092571 1074.080568 1054.044448 1053.604496 1048.004223 1052.589121 1065.984676 1052.327555 1034.144526 1022.347586 1009.850254 1022.389850 1047.933401 1054.691518 1062.301562 1038.308475 1007.617885 983.201568 1005.886124 1052.748778 1098.286031 1096.916043 1087.609008 1082.591940 1077.005252 1058.394321 1042.765617 -9999.0 -9999.0
-9999.0 -9999.0 1045.068565 1046.586007 1039.836129 1032.697059 1013.488851 1025.592905 1008.773533 1029.785244 1035.985956 1057.916110 1097.322054 1061.330571 1047.751419 1040.206279 1034.566210 1045.650960 1035.576941 1027.029386 1002.416101 943.904765 988.412835 1043.720403 1090.687921 1098.550657 1101.345703 1081.677982 1068.460918 1048.816566 1021.227338 -9999.0 -9999.0
-9999.0 -9999.0 1072.749613 1030.682234 1048.340647 1040.476775 1032.642260 1025.900399 1017.643838 1020.405860 1034.615389 1055.656185 1080.950520 1065.958845 1051.235364 1038.095872 1032.095386 1043.834025 1037.960715 1021.211255 989.053633 965.836289 990.591393 1035.249324 1071.333069 1081.042141 1085.127770 1069.514170 1058.928130 1049.256597 1037.478437 -9999.0 -9999.0
-9999.0 -9999.0 1060.774617 1064.847616 1042.015405 1074.624051 1053.089649 1069.806120 1000.404183 1038.275547 1012.151852 1057.998715 1058.469569 1067.577294 1036.523255 1035.185806 1028.175818 1034.707236 1060.417395 1026.180844 982.904367 982.403857 1005.628038 1039.369960 1076.313957 1064.308697 1045.480524 1055.247704 1056.516108 1047.820947 1030.269340 -9999.0 -9999.0
-9999.0 -9999.0 1102.972707 1104.504589 1081.016398 1120.650607 1122.965246 1133.927843 1112.066774 1116.834035 1104.207921 1111.096794 1102.524894 1081.410713 1054.642762 1034.355764 1027.111931 1037.663936 1047.431702 1016.519863 983.978935 983.902855 1001.808524 1029.499212 1055.006466 1055.083421 1046.084783 1048.165562 1049.549259 1048.902070 1051.744981 -9999.0 -9999.0
-9999.0 -9999.0 1100.827624 1103.896005 1133.017378 1316.344834 1767.525339 1367.284500 1504.832521 1302.458462 1386.965213 1274.834669 1266.496295 1110.132655 1072.466112 1050.344134 1021.292733 1030.677719 1042.965141 1011.706378 971.489418 964.960904 984.602597 1025.390708 1048.731678 1051.739866 1051.709332 1045.384473 1050.183684 1043.026748 1031.207941 -9999.0 -9999.0
-9999.0 -9999.0 1114.975646 1125.694073 1145.683834 1301.691959 1591.296023 1417.378690 1478.309362 1312.069645 1358.983587 1182.071556 1162.943711 1084.563077 1041.850055 1058.112313 1028.633633 1030.685364 1028.933023 1004.181272 973.782537 972.165000 990.542531 1027.362097 1046.573037 1048.062360 1039.634387 1029.793612 1028.055160 1041.206230 1055.688200 -9999.0 -9999.0
-9999.0 -9999.0 1107.874150 1112.940555 1116.908976 1150.192889 1116.191793 1153.140510 1084.525086 1119.455555 962.026939 955.470229 1104.962734 1044.951121 1120.218435 1166.832050 1059.378845 1041.081155 1027.343938 1009.224016 984.037873 949.540755 1027.153796 1044.357063 1074.125833 1044.695973 1025.561256 1012.559873 989.510627 1000.967413 1029.098871 -9999.0 -9999.0
-9999.0 -9999.0 1118.012184 1108.703550 1042.676454 998.019417 947.645637 967.181253 977.197676 978.364319 952.253217 962.204206 975.072581 1027.243470 1160.050267 1156.063723 1061.395296 1037.446022 1031.131388 1016.134231 981.062806 968.728268 1003.295955 1037.066495 1045.104127 1026.626232 1013.843245 1010.667767 1013.656961 1011.653238 1056.583997 -9999.0 -9999.0
-9999.0 -9999.0 1112.726208 1099.994354 995.913061 1012.542879 1048.976543 1093.518660 1250.863125 1104.464851 1188.720319 1109.869619 1380.368644 1338.923242 1218.266360 1141.379047 1013.983036 1029.927779 1057.194320 1031.906917 1019.795775 937.070474 1039.866231 1032.882654 1019.686303 1010.061600 983.062699 1022.041920 1067.538116 1026.266118 1030.516256 -9999.0 -9999.0
-9999.0 -9999.0 1161.370304 1129.031417 1065.711319 1094.676717 1117.333626 1305.503638 1475.051023 1472.083080 1324.064492 1292.520480 1365.357490 1349.176162 1150.208865 972.490491 997.000370 1026.837933 1039.503048 1023.325244 993.919552 966.902114 1007.794261 1029.565900 1026.082977 1016.989071 1008.966085 1032.530439 1059.062946 1043.620075 1068.759103 -9999.0 -9999.0
-9999.0 -9999.0 1075.894381 1057.194954 1037.618794 1156.830732 1666.336781 1657.193446 1669.809111 1669.803309 1712.242276 1552.509872 1243.229385 1328.175700 1150.002787 1037.172439 1032.207379 1036.304645 1034.916712 1012.961526 980.603759 985.949516 1010.565834 1034.111926 1055.815297 1037.028479 1031.057109 1050.125680 1081.127293 1041.336021 1026.241683 -9999.0 -9999.0
-9999.0 -9999.0 1089.048346 1044.115892 1004.838305 1011.737982 1183.889185 1162.625458 1161.079476 1496.838601 1546.964245 1513.840293 1508.867811 1332.471789 1128.438376 1121.456793 1046.506092 1042.053842 1026.571747 1004.595299 988.302650 990.116285 1009.379162 1028.894071 1048.788728 1048.575508 1048.499676 1061.456345 1088.790149 1050.412722 1051.721653 -9999.0 -9999.0
-9999.0 -9999.0 1144.195786 1112.499537 1035.148331 1014.946302 1066.473577 1062.492596 1110.117990 1363.514698 1397.798219 1350.509512 1308.169805 1287.705450 943.234777 900.941812 999.564077 1030.612668 1045.574961 1024.928072 1001.035195 1024.870246 1016.706614 1035.439259 1051.200632 1060.978590 1052.824141 1061.111584 1075.853750 1047.704679 1032.992142 -9999.0 -9999.0
-9999.0 -9999.0 1106.569397 1101.295659 1042.863263 1044.371225 1062.012696 1079.070452 1133.746898 1311.244581 1232.747492 1204.295436 1169.688952 1091.326808 973.520858 917.017243 998.634053 1010.128805 1016.891787 1034.383611 1142.239069 1153.066919 1031.410219 1064.475551 1086.329223 1083.559324 1054.663385 1064.217368 1044.970003 1036.895300 1052.701892 -9999.0 -9999.0
-9999.0 -9999.0 1157.012673 1167.090250 1148.998061 1093.639664 1104.836347 1144.375528 1345.269815 1311.108955 1105.334609 1103.909489 1059.573970 1023.870365 1020.457529 1005.030749 982.319198 1000.572856 1010.355947 1071.425972 1114.978462 1139.731878 1103.954897 1163.876748 1174.447545 1117.234391 1104.844174 1075.905955 1106.669512 1060.244243 1041.280948 -9999.0 -9999.0
-9999.0 -9999.0 1109.425895 1120.572983 1130.286606 1155.300836 1181.744663 1341.006568 1301.406795 1268.010373 895.216873 1010.417365 1035.400928 1034.868483 1024.949588 1014.648860 1003.651532 1000.757457 1014.239863 965.662245 909.148922 981.841760 1079.509712 1115.480231 1126.809627 1076.265492 1095.941608 1079.911834 1097.224844 1049.764173 1063.964666 -9999.0 -9999.0
-9999.0 -9999.0 1019.294939 1056.471732 1127.229638 1336.676283 1336.923405 1307.685784 1134.720810 1149.367840 1009.573090 1028.481313 1023.999502 1030.392219 1023.373067 1028.781990 1053.363552 1012.976512 983.890019 726.004757 705.167275 794.038817 983.435653 1022.963524 1033.277151 1037.585477 1025.003750 1027.883404 1006.494092 1013.287573 1026.719716 -9999.0 -9999.0
-9999.0 -9999.0 1041.700344 1133.786115 1129.792488 1308.574882 1311.695599 1300.081171 1130.239282 1041.644483 1012.008674 1021.749589 1021.892099 1017.983058 1015.328135 1031.324217 1041.196549 1026.717645 999.395620 992.668988 966.401838 979.921294 1005.076997 1018.878524 1024.061337 1018.502848 1006.690617 997.226776 993.780333 996.193754 1037.238156 -9999.0 -9999.0
-9999.0 -9999.0 986.280213 971.986120 1090.246549 1136.377925 1171.842347 1113.405058 1102.547390 945.564120 942.982909 996.618763 1008.471433 1008.403320 991.875941 1003.165956 988.120534 1032.260926 1110.861554 1039.997207 990.001818 997.384321 1001.757741 1015.979658 1011.565351 1013.044539 996.913698 991.155270 969.477023 989.119993 1008.007826 -9999.0 -9999.0
-9999.0 -9999.0 1027.233365 942.679901 906.938091 952.650808 968.064121 932.747345 887.354139 845.302693 800.556934 988.061691 1004.990250 1009.738391 1018.098503 1012.921739 1011.659976 1037.343858 1081.400517 1031.849241 1007.589473 1010.420865 1019.131308 1026.429141 1027.444656 1028.069807 1021.368757 1014.113095 1003.157654 1004.072216 1037.608059 -9999.0 -9999.0
-9999.0 -9999.0 947.489330 745.550396 675.946737 740.912610 758.995607 721.251454 662.192469 655.679346 664.442756 999.877578 999.461992 1020.469990 1029.457240 1040.495529 1062.573664 1031.797366 993.261532 1013.203552 1006.850587 1030.237440 1054.075632 1051.359929 1057.136607 1056.637317 1078.661698 1050.141122 1067.240784 1021.184185 1008.982679 -9999.0 -9999.0
-9999.0 -9999.0 1052.029886 1017.273841 936.357129 911.587426 558.292739 526.162048 478.085861 439.387009 397.766944 992.932276 1011.619636 1026.939890 1044.116225 1049.015298 1050.845911 1029.093496 1009.296292 1016.948161 1027.744888 1048.529156 1065.784226 1065.712739 1062.583050 1060.452985 1062.895603 1052.017808 1059.628799 1036.977569 1035.645197 -9999.0 -9999.0
-9999.0 -9999.0 1048.076783 1015.482584 981.762687 992.884908 958.299662 923.632173 286.443388 217.274907 947.948512 1004.600940 1015.453823 1029.639169 1038.917085 1046.441386 1043.169476 1033.432077 1032.006252 1033.815394 1058.260813 1069.579607 1100.180498 1074.279189 1060.550915 1050.223715 1038.567007 1033.382386 1015.813671 1011.071392 1009.226772 -9999.0 -9999.0
-9999.0 -9999.0 987.046786 1123.331263 1033.847521 1056.496948 1047.020773 1016.434529 938.402287 0.000000 956.715837 1007.640529 1020.265565 1029.382777 1037.744226 1039.198794 1033.642166 1025.964648 1025.214954 1029.532819 1046.841292 1059.863364 1073.775436 1058.597824 1044.512212 1032.464986 1026.101719 1024.363887 1022.725654 1015.950118 1026.367295 -9999.0 -9999.0
-9999.0 -9999.0 981.568246 1058.864903 1070.274890 1104.818230 1133.221329 1104.235615 1064.684713 982.671379 0.000000 985.238114 1010.168492 1031.030854 1047.383297 1038.899907 1024.222807 1019.931729 998.637706 1020.018631 1024.018308 1042.926385 1046.973419 1040.626965 1018.278381 1019.367427 1008.099149 1025.805277 1045.726396 1028.109956 1016.144662 -9999.0 -9999.0
-9999.0 -9999.0 1018.727435 1060.257947 1096.731839 1109.177657 1121.342647 1110.223457 1101.135261 1049.521259 995.401135 0.000000 981.610677 1020.276984 1038.481353 1037.549319 1031.584174 1027.139786 1019.387466 1022.248396 1024.128388 1030.719778 1034.744475 1030.653578 1021.866866 1017.755539 1016.785950 1030.790074 1047.424830 1035.420633 1042.257923 -9999.0 -9999.0
-9999.0 -9999.0 999.573973 1037.300778 1082.178831 1108.943518 1128.527256 1107.980027 1086.570879 1040.395212 989.839270 959.215880 0.000000 992.564233 1032.538947 1040.775011 1044.171546 1044.602054 1061.642694 1036.337441 1021.730227 1027.237305 1030.205885 1030.923191 1031.705303 1024.971175 1019.638224 1036.286847 1067.223439 1039.427700 1015.389381 -9999.0 -9999.0
-9999.0 -9999.0 1031.437938 1047.462326 1069.146704 1101.188124 1106.895170 1094.438288 1049.092325 1019.783349 977.939289 0.000000 966.505733 1017.239803 1033.994115 1037.449251 1039.022295 1041.417579 1045.809376 1032.608197 1022.282574 1020.429388 1022.999136 1024.436528 1028.477617 1028.982237 1027.438979 1029.607499 1036.296879 1024.983065 1026.113939 -9999.0 -9999.0
-9999.0 -9999.0 1007.524533 1017.412246 1034.605523 1046.182535 1021.727584 1027.273330 1006.735080 1013.291824 0.000000 990.941234 1020.965761 1034.141645 1043.030788 1036.891109 1023.166757 1033.504756 1027.257448 1026.475668 1013.831022 1016.789389 1011.081113 1021.121660 1020.048925 1033.931689 1049.742913 1020.056038 991.292298 1013.450810 1007.609500 -9999.0 -9999.0
-9999.0 -9999.0 1018.602111 1009.438347 1009.069215 1007.207527 1004.968443 1013.032683 1012.577047 1017.727551 1020.585606 1014.542701 1031.128709 1033.737017 1037.417450 1036.705340 1034.183531 1033.957064 1027.647141 1023.644282 1019.205743 1017.172522 1017.146591 1021.040740 1026.049227 1033.746189 1033.692195 1013.439412 998.136500 1009.122062 1028.360063 -9999.0 -9999.0
-9999.0 -9999.0 995.207161 982.515028 961.398177 998.962411 1033.088851 1026.046190 1031.807983 1030.178337 1028.035264 1094.947559 1032.634993 1033.577647 1025.830291 1048.112450 1067.928590 1049.098615 1033.179083 1029.396994 1034.455688 1033.005266 1030.258128 1035.835521 1041.842500 1040.750340 1031.992512 1013.084994 1000.203071 1010.630728 1024.020652 -9999.0 -9999.0
-9999.0 -9999.0 1015.393023 992.360579 980.137858 997.857980 1020.242174 1029.267488 1034.768671 1033.049004 1030.255977 1038.262849 1032.240447 1059.042007 1070.623769 1070.723681 1075.926397 1070.780551 1044.434328 1036.390418 1025.447447 1014.020751 1013.115538 1017.456269 1021.667429 1031.008879 1034.015140 1025.892288 1004.942895 1013.895154 1040.646167 -9999.0 -9999.0
-9999.0 -9999.0 993.815928 993.612117 999.378181 1003.930158 1015.052497 1021.152919 1036.645050 1027.615850 1027.904644 1021.740115 1039.697032 1101.190224 1137.372515 1171.767686 1188.583638 1163.317213 1041.901804 1027.125717 1024.749739 1014.772679 1013.528188 1023.139593 1043.606342 1028.848288 1021.569440 1013.213291 1018.124919 1015.303550 1036.704037 -9999.0 -9999.0
-9999.0 -9999.0 1006.764556 995.042821 996.364210 989.008046 989.051330 993.066263 1003.224173 998.813698 997.307203 986.685393 977.350908 970.111101 961.518827 1088.486477 1149.768327 1138.382244 1030.508850 1011.319595 1010.510722 995.540004 996.778639 1001.357597 1009.966100 1010.885648 1003.511001 992.392889 1004.518221 1028.491261 1061.329600 -9999.0 -9999.0
-9999.0 -9999.0 1017.007493 1023.770379 1004.238412 992.964131 968.205898 985.036182 985.553922 975.334256 972.436477 957.038868 927.125210 680.381908 668.928906 865.161189 1023.944897 996.503772 998.065709 994.119756 998.754006 987.171031 977.356512 981.794579 997.973086 1008.179009 986.272048 991.243642 987.970917 1045.898154 1085.346346 -9999.0 -9999.0
-9999.0 -9999.0 -9999.0 -9999.0 -9999.0 -9999.0 -9999.0 -9999.0 -9999.0 -9999.0 -9999.0 -9999.0 -9999.0 -9999.0 -9999.0 -9999.0 -9999.0 -9999.0 -9999.0 -9999.0 -9999.0 -9999.0 -9999.0 -9999.0 -9999.0 -9999.0 -9999.0 -9999.0 -9999.0 -9999.0 -9999.0 -9999.0 -9999.0