oms3_prj_geotop/oms3.prj.geotop/data/Panola_sim_52/output_maps/prof_falda0020.asc
ncols         33
nrows         53
xllcorner     0.000000
yllcorner     0.000000
cellsize      1.000000
NODATA_value  -9999.0
-9999.0 -9999.0 -9999.0 -9999.0 -9999.0 -9999.0 -9999.0 -9999.0 -9999.0 -9999.0 -9999.0 -9999.0 -9999.0 -9999.0 -9999.0 -9999.0 -9999.0 -9999.0 -9999.0 -9999.0 -9999.0 -9999.0 -9999.0 -9999.0 -9999.0 -9999.0 -9999.0 -9999.0 -9999.0 -9999.0 -9999.0 -9999.0 -9999.0
-9999.0 -9999.0 1354.206684 1311.906866 1322.343558 1327.873294 1345.895244 1344.492581 1333.428281 1328.334550 1318.128097 1314.573827 1313.149928 1307.897803 1306.873412 1271.317172 1269.390700 1201.178821 1200.358359 1230.605331 1214.976966 1308.642686 1311.439554 1312.229565 1312.327002 1312.788633 1305.286113 1319.579447 1314.404077 1246.739343 1302.403345 -9999.0 -9999.0
-9999.0 -9999.0 1302.993362 785.199295 1259.709970 1318.335816 1337.896976 1334.454392 1322.460469 1313.509192 1218.382637 1195.252340 1262.629334 1301.459328 1289.149455 1234.150517 1157.174445 1107.397102 1119.563495 1123.788197 1213.629952 1177.372192 1183.875478 1177.092439 1156.581505 910.686373 1109.386595 1209.770657 1238.699026 1300.386142 1281.056147 -9999.0 -9999.0
-9999.0 -9999.0 1267.438345 1183.851824 1300.343579 1317.352338 1352.673343 1327.595832 1316.958631 1302.371271 1108.734482 1194.445572 1271.227883 1282.809794 1279.887921 1187.908318 724.039307 715.326954 827.242260 1155.067405 1211.535561 1150.917510 1129.496511 1136.403335 1165.754893 901.455696 1005.911179 1202.881128 1322.131034 1259.505423 1146.490723 -9999.0 -9999.0
-9999.0 -9999.0 1243.328723 1240.823259 1274.352533 1304.135041 1313.438227 1306.407733 1276.980545 1181.712837 1176.713061 1145.780542 1166.537312 1216.855778 1204.930743 1154.112980 1109.571355 927.303442 718.839435 908.770687 1146.278032 1104.888128 859.921977 845.422149 847.073103 844.253389 861.930337 1129.772748 1234.119037 1188.032881 1139.758967 -9999.0 -9999.0
-9999.0 -9999.0 1207.213113 1205.487455 1183.215956 1232.460306 1273.487473 1235.274610 1141.774833 1122.501490 883.584548 1104.715958 1155.215596 1153.416644 1146.532616 1107.661690 1074.426768 922.397181 932.145967 954.701570 1130.287519 709.713113 751.631107 783.099188 817.901868 816.297431 711.569883 716.336305 1106.208568 1120.474033 964.603630 -9999.0 -9999.0
-9999.0 -9999.0 1201.357988 1149.076071 1154.887678 1162.312784 1169.035515 1118.382552 908.105055 859.687642 825.209101 721.397139 1109.141803 1111.145618 1044.802396 535.293121 374.555815 372.102094 462.602319 705.657453 946.949127 522.262659 518.794320 631.965778 775.180060 805.859503 708.345018 715.005955 724.463457 917.995336 921.468646 -9999.0 -9999.0
-9999.0 -9999.0 1151.103011 1126.069721 1119.681891 1114.893191 1112.961281 914.775749 852.417413 828.324844 806.472689 902.599358 940.643622 943.057097 917.778835 626.360910 621.145357 335.820120 206.164213 513.487751 982.274795 925.564914 775.227955 704.597165 907.199159 808.042039 822.318881 822.351536 824.172108 714.762234 716.741935 -9999.0 -9999.0
-9999.0 -9999.0 1176.759090 1132.270629 927.998456 719.037666 709.846157 705.856420 813.383810 961.021600 946.252948 822.794703 710.573075 928.881161 904.233827 604.563237 553.235568 207.559497 268.458402 508.056514 900.825209 852.191751 705.418008 517.066873 702.998195 791.792377 802.034963 808.197161 823.964894 900.931652 712.995582 -9999.0 -9999.0
-9999.0 -9999.0 1145.833231 1107.121582 939.053603 910.472018 598.350935 642.657807 746.554954 903.720010 820.917469 795.809863 911.312026 710.253672 920.148560 701.322715 515.950272 419.664699 504.464609 348.661112 712.615932 766.529629 399.754971 513.380715 702.262517 912.484145 1133.538779 1130.089079 851.525833 904.083416 713.459170 -9999.0 -9999.0
-9999.0 -9999.0 1196.749322 1140.724467 925.467264 711.894861 638.266864 644.939869 667.985632 788.390561 782.572158 791.026749 808.031868 705.785848 704.456023 642.892531 589.817460 454.867006 400.485158 140.432001 203.751167 529.660734 709.182553 707.737247 710.911440 713.551544 1107.998783 1109.560191 1118.779590 904.301999 906.482489 -9999.0 -9999.0
-9999.0 -9999.0 1121.585443 1116.782898 1107.718216 1113.023871 1136.251699 718.527353 901.683098 710.668938 712.662696 801.610955 913.165299 787.989550 674.430782 640.377416 756.783091 550.797293 335.637272 168.075578 327.537086 926.022214 1168.314958 1111.403098 711.461876 903.878874 904.108267 908.666540 904.101135 906.820892 710.806161 -9999.0 -9999.0
-9999.0 -9999.0 1213.189965 1154.429349 1150.947878 1167.898449 1187.179973 1109.226140 909.618476 1111.441485 927.046054 711.157429 793.899576 705.687212 647.373430 626.837395 746.005231 534.035387 302.339726 194.988929 241.016871 360.977052 1018.040485 952.754774 904.217236 709.158096 708.748530 708.842688 709.962658 709.227304 905.695028 -9999.0 -9999.0
-9999.0 -9999.0 1209.076132 1117.481591 1168.449837 1204.260734 1257.984881 1212.561572 912.693066 1137.869043 1130.568649 947.110390 984.919539 705.922796 636.139207 627.031696 733.467675 529.502814 193.639283 112.633107 571.713042 763.978682 523.994219 709.746017 688.020101 706.918723 655.613205 704.305412 703.357216 707.841923 705.856773 -9999.0 -9999.0
-9999.0 -9999.0 1263.811647 1210.525135 1138.201753 1217.741790 1223.933349 1213.741752 1175.556030 1167.733282 1147.706920 1112.518187 954.926312 667.550135 635.772494 765.053659 713.638042 568.651786 393.903966 301.282058 727.413408 773.028119 532.365249 964.039370 918.031886 709.587253 707.428401 708.619069 709.567950 901.228517 907.823209 -9999.0 -9999.0
-9999.0 -9999.0 1303.325648 1263.134674 1242.532561 1164.242064 1271.515529 1238.381261 1203.846656 1178.787275 1194.047624 1116.961108 713.126083 638.731075 587.016155 758.631064 741.443065 642.689673 933.766548 520.127392 907.256660 782.413932 707.908670 1000.140832 1133.457636 908.884476 1129.295028 1106.050325 1143.330831 712.602682 666.776963 -9999.0 -9999.0
-9999.0 -9999.0 1443.257984 1335.466077 1303.911084 1256.074238 1210.560734 1191.507946 1160.054632 1148.304077 1128.904727 1113.116486 714.071641 726.378848 777.778184 761.333682 949.932486 799.186895 903.937614 900.922115 720.410791 747.850226 527.076600 979.694858 1120.004409 1134.957648 1151.577514 1149.396362 1122.460681 908.530367 972.211316 -9999.0 -9999.0
-9999.0 -9999.0 1223.333969 1222.509115 1204.663568 1186.905225 1142.029705 1151.755026 912.514299 911.211086 824.432851 1119.771180 1137.673753 962.996381 821.245377 939.914486 945.002846 792.396217 667.383405 517.187304 516.804267 161.538058 339.448555 949.955731 1108.616311 1112.206959 1178.896803 1120.991350 1150.540929 1117.776888 944.306002 -9999.0 -9999.0
-9999.0 -9999.0 1259.314176 1182.897031 1221.394798 1224.487778 1209.443653 1182.540670 1110.801827 1106.586515 910.481087 1131.293505 1123.481058 556.142336 795.226078 811.677715 904.873878 943.532180 773.278770 592.748833 416.362597 102.628711 306.145877 911.919312 954.776401 1123.729555 1145.040993 1142.339179 1130.533957 1113.943742 953.575138 -9999.0 -9999.0
-9999.0 -9999.0 1155.183310 1244.396223 1104.246541 1281.616204 1235.981608 1282.677719 910.416727 1175.687064 900.715061 1149.239980 1121.352361 668.980357 783.737273 792.796584 802.829906 906.971712 855.781039 658.565683 526.480878 373.996915 507.209601 704.808287 953.515635 957.200245 952.493386 1114.200260 1118.336312 1102.182100 937.366472 -9999.0 -9999.0
-9999.0 -9999.0 1312.561154 1318.587621 1313.642002 1455.471337 1487.191911 1503.122018 1382.754040 1362.428199 1304.389603 1290.765145 1190.207839 1121.284807 825.532792 790.940892 777.100898 793.366170 755.146375 549.071598 349.170490 367.401142 400.826253 511.371973 917.577911 948.679984 949.877691 958.104645 946.277170 949.016620 957.452379 -9999.0 -9999.0
-9999.0 -9999.0 1310.201198 1323.370019 1345.684575 1691.830331 2262.645902 1888.878809 1916.561407 1640.238544 1710.036738 1428.056323 1369.950760 1158.248399 991.365356 971.873772 944.126606 785.259481 700.748052 503.592962 327.026618 327.829819 408.995797 517.859519 653.743101 931.500280 948.403490 951.824583 963.623964 952.873081 930.100453 -9999.0 -9999.0
-9999.0 -9999.0 1324.891739 1317.174673 1302.686905 1488.033937 1867.318016 1597.615538 1602.124243 1374.413222 1366.165414 1110.549614 1115.603594 911.348516 941.542502 940.255670 937.449060 774.504821 626.128707 454.732329 360.092887 337.410862 410.634905 514.109188 905.269019 922.742232 926.337144 920.854803 922.105830 938.513612 952.345023 -9999.0 -9999.0
-9999.0 -9999.0 1303.771853 1262.616675 1104.994929 1069.518499 783.421373 933.717692 726.505981 824.375130 565.750040 385.317338 904.632570 974.598331 1114.944479 1153.385525 930.350241 777.092432 620.797315 502.106540 405.424479 303.060348 513.856241 582.875205 934.275254 916.138201 905.418146 710.790245 521.495409 660.731908 708.128864 -9999.0 -9999.0
-9999.0 -9999.0 1305.468135 1176.757789 943.546518 330.830730 154.582914 198.316930 162.216435 152.851437 127.621835 688.548756 731.497623 907.663446 1053.900232 1124.502711 937.289463 788.559856 760.442505 585.038462 428.109213 391.366345 458.880601 705.349035 905.535924 709.730557 709.425711 654.904872 646.985053 648.417040 917.218267 -9999.0 -9999.0
-9999.0 -9999.0 1279.771755 1139.439042 544.772862 443.140919 144.497820 100.057896 1306.496050 1134.497397 917.511989 1148.128838 1378.675279 1332.676977 1215.069649 1118.633946 923.327637 789.630421 779.079708 611.430265 572.741778 342.661733 514.128884 703.665624 706.055197 707.620326 605.904888 651.761349 921.091840 664.459545 705.385580 -9999.0 -9999.0
-9999.0 -9999.0 1380.219085 1251.972197 853.252828 940.887025 1065.285657 1052.863643 1081.848204 1081.393128 1106.269570 1080.461876 1330.039088 1344.969147 1163.178708 934.774617 927.295425 789.391062 770.080621 623.435147 568.129447 546.819752 513.866988 646.098017 656.950687 646.381528 619.795859 703.159077 710.354960 902.792293 1111.663387 -9999.0 -9999.0
-9999.0 -9999.0 1143.620673 911.492104 967.905411 1136.055566 1660.317707 1651.200867 1664.161436 1664.719989 1710.804604 1550.427418 1191.978304 1315.751775 1155.942805 908.640524 915.937517 789.757400 777.952578 765.470179 563.043544 559.481694 631.023658 777.464806 811.167803 703.208050 922.014667 710.287580 1125.360934 714.670362 710.464952 -9999.0 -9999.0
-9999.0 -9999.0 1113.061888 856.199473 905.986712 956.354047 1196.101942 1174.934253 1173.479883 1507.085176 1544.963593 1512.504631 1507.498147 1322.106997 1143.625957 1133.166377 922.350416 948.231491 779.913701 742.483180 730.456548 741.906964 769.272171 782.652143 796.018681 821.478132 845.559082 856.357687 903.054756 847.307970 843.600674 -9999.0 -9999.0
-9999.0 -9999.0 1325.256359 1182.347041 847.095703 916.238076 902.369953 1003.313553 1100.768767 1364.075834 1390.655269 1343.422322 1301.492457 1287.591191 988.684794 942.443215 918.295822 926.849217 939.241412 900.776217 824.160069 910.360496 947.741420 808.188352 907.200523 838.637516 973.124591 993.245083 1103.761679 980.506987 828.315861 -9999.0 -9999.0
-9999.0 -9999.0 1114.930083 886.690890 799.632961 841.664639 869.733449 991.442572 1167.802986 1307.246830 1190.929400 1155.433712 1114.797060 1080.640216 877.668313 820.303956 765.286811 736.517250 716.187760 680.141978 1130.033340 1137.811259 908.368248 966.362605 991.816242 985.784037 971.535080 991.294839 976.649970 934.776711 847.024045 -9999.0 -9999.0
-9999.0 -9999.0 1148.958354 1155.521778 1137.963704 996.028720 1103.554676 1160.787153 1344.221725 1305.659327 1117.545539 1099.089591 996.948678 935.421536 809.165061 781.108637 739.389425 627.358291 604.142058 1060.196492 1114.947982 1138.414673 1105.277826 1156.651207 1169.410175 1132.977628 1101.251512 970.833059 1118.714573 820.980287 788.309891 -9999.0 -9999.0
-9999.0 -9999.0 1104.522872 1120.445644 1127.968377 1144.512611 1196.378477 1343.455631 1308.557600 1180.558297 937.502677 972.472175 966.352326 824.361309 787.407527 768.503265 734.258404 719.561176 949.470636 948.872775 923.352120 996.856693 1094.911605 1119.792186 1124.868841 1015.193265 1012.947907 917.386929 976.271497 915.349363 927.670955 -9999.0 -9999.0
-9999.0 -9999.0 956.908264 992.138753 1120.906848 1339.294539 1330.302959 1309.761188 1216.754424 1147.724690 929.180244 944.120355 905.527085 800.904440 776.116027 759.788768 776.998837 728.494763 911.632626 858.925621 845.071383 921.610764 937.237931 944.266683 943.914124 937.206651 913.053963 794.391985 706.442313 645.501774 650.688925 -9999.0 -9999.0
-9999.0 -9999.0 987.882748 1141.469403 1123.242537 1330.992592 1329.191560 1311.082581 1139.637029 1019.341983 943.465052 942.423137 808.222862 781.889734 770.541755 910.632502 909.907208 903.536448 874.675866 739.301314 613.926248 736.937326 763.267257 779.042681 785.022094 797.677161 784.279325 632.572194 618.609941 597.645043 637.945008 -9999.0 -9999.0
-9999.0 -9999.0 912.861156 972.811891 1119.090293 1264.763015 1301.439363 1238.923499 1133.731799 974.167055 921.161156 878.906973 782.831162 747.005928 708.674014 701.227210 664.332363 747.876368 832.880935 630.758950 517.201112 522.195146 916.876868 634.045002 649.619689 753.813944 750.343420 611.526275 559.070941 577.209697 599.998474 -9999.0 -9999.0
-9999.0 -9999.0 905.039056 994.097869 1047.801379 1104.775539 1106.760569 1102.670743 1048.168603 942.636864 873.937137 784.586769 740.631264 738.565181 541.502368 526.568581 512.509942 569.127262 841.309302 932.395358 524.097394 915.674356 713.182508 708.285712 637.347683 658.371050 749.959144 756.292731 596.218825 597.631444 643.594505 -9999.0 -9999.0
-9999.0 -9999.0 880.341416 905.489677 838.238850 914.455914 936.574251 908.029095 941.875815 944.490263 926.880683 773.236747 610.947946 356.042999 378.821500 357.273430 522.769755 520.242747 708.354852 711.151516 942.217165 930.413635 923.114279 924.846746 935.299530 706.545251 821.953641 785.052564 900.258701 773.018087 764.876404 -9999.0 -9999.0
-9999.0 -9999.0 817.291389 823.696420 726.365192 773.672087 907.809532 885.693741 903.020011 901.652437 859.297285 765.223246 613.579247 610.313660 606.567531 568.452246 702.770478 702.786540 523.565400 341.102905 949.856902 911.341641 933.524151 909.493578 915.433134 909.164917 803.483019 811.468557 972.181060 953.142527 798.800462 -9999.0 -9999.0
-9999.0 -9999.0 902.987403 642.164916 604.580431 660.026542 907.741248 735.640585 760.178979 706.191096 749.619704 747.767129 601.777817 615.040642 628.592019 635.804461 684.153460 649.417806 633.643753 604.123086 931.632748 949.764278 1121.546082 712.599071 709.697862 706.895622 701.194106 779.855805 838.403062 818.976415 775.123456 -9999.0 -9999.0
-9999.0 -9999.0 517.061631 1138.875908 711.122029 1015.297473 902.373420 682.066615 738.662327 702.105882 700.451572 637.131590 587.988038 606.354854 627.689649 636.353667 642.065835 633.382582 628.591244 614.657832 906.021045 924.485829 933.742004 942.379765 718.223502 711.349147 901.855593 654.016219 766.521764 758.415968 750.811001 -9999.0 -9999.0
-9999.0 -9999.0 525.438410 977.084450 916.941554 1160.143349 1234.700897 964.884028 660.080123 565.552768 505.497269 553.865678 561.717768 607.666784 643.541436 644.669413 639.163663 636.929441 603.174985 705.678932 951.295944 1004.889875 1009.449986 974.191273 961.026919 928.077561 519.354366 708.307148 915.200633 648.065137 627.674834 -9999.0 -9999.0
-9999.0 -9999.0 906.155268 961.115969 1054.637453 1171.554083 1208.898427 1123.871767 906.483570 526.432922 505.035587 444.374936 757.825040 769.144818 781.152598 786.676725 785.313965 778.177036 649.320156 656.807174 710.105522 950.101272 913.144077 902.832681 710.979762 353.165106 519.731668 706.257472 703.554268 640.349299 642.845268 -9999.0 -9999.0
-9999.0 -9999.0 307.954716 194.185525 980.072229 1122.766274 1153.849808 724.088451 913.314870 502.447675 506.533853 756.820056 751.474927 770.661078 903.209788 791.575268 768.882145 767.292532 785.941744 653.992802 709.404172 709.727716 710.222997 702.583837 785.677377 604.867929 611.566786 648.665678 701.796303 638.577774 614.441194 -9999.0 -9999.0
-9999.0 -9999.0 509.323199 903.936224 950.087019 990.779293 949.764395 320.092919 500.772897 565.658133 502.500582 726.686421 729.976449 743.288900 768.800077 752.220573 638.742112 642.331470 701.011699 642.367894 647.033132 706.256857 653.762767 663.959526 773.180512 769.423557 629.687474 628.154618 705.417253 608.119588 616.971002 -9999.0 -9999.0
-9999.0 -9999.0 195.994573 767.456652 891.798288 856.182097 140.359990 286.822374 503.568415 509.294951 504.814184 529.263535 548.188456 564.828156 586.784274 625.481019 926.601454 706.692305 644.661921 642.579795 630.540543 652.455107 639.854873 775.357941 767.582490 770.469100 659.524922 608.019638 514.957578 522.755105 587.937639 -9999.0 -9999.0
-9999.0 -9999.0 193.162846 713.207822 733.456832 745.990109 712.035419 199.429555 291.295429 307.893370 430.015885 464.936198 483.638340 550.702555 580.188386 621.346554 707.702789 668.901576 658.455025 776.947162 770.627799 768.288969 765.383073 757.327631 755.094665 762.878471 775.297808 620.475367 594.193126 608.240192 620.674383 -9999.0 -9999.0
-9999.0 -9999.0 126.108063 278.240471 157.751505 623.819135 709.917097 604.629490 329.530332 228.056960 225.602033 304.297248 402.391699 562.967509 524.523524 643.716288 709.409728 794.389148 783.437805 781.041357 953.080726 952.822421 949.792890 952.487475 954.899138 953.577027 777.600753 757.220043 762.146444 763.338065 766.872571 -9999.0 -9999.0
-9999.0 -9999.0 254.303218 233.064755 125.869640 205.179213 237.233649 255.706348 337.062425 103.635362 107.712945 105.615571 409.540992 744.024754 784.774032 928.421539 957.705311 950.468276 953.836961 950.851957 928.849788 861.383373 851.626777 854.259897 852.127267 926.317283 950.750710 947.659739 730.366876 759.877680 772.194505 -9999.0 -9999.0
-9999.0 -9999.0 241.433819 216.641973 150.044588 184.858843 215.005629 203.504250 150.892678 304.832015 599.881018 109.851886 428.147281 929.506568 941.116699 1065.601547 1142.722747 1124.582351 953.476273 944.126462 930.765617 785.068998 773.632980 777.284178 797.128042 921.236346 922.242644 919.168634 932.920833 732.714874 763.992283 -9999.0 -9999.0
-9999.0 -9999.0 249.717668 198.387366 129.854684 107.805817 158.580903 169.696382 511.826951 560.804325 552.880298 108.203254 354.022435 632.455385 667.252576 795.934440 912.290356 920.734091 880.373713 852.061933 834.473718 747.287991 739.844092 743.015665 748.722741 752.498385 702.983183 699.401524 773.904889 919.136867 787.413335 -9999.0 -9999.0
-9999.0 -9999.0 317.311869 330.243902 357.944984 242.060703 0.000000 107.862183 505.074351 522.398860 511.266488 0.000000 311.759224 389.951302 368.791492 571.246587 733.470010 707.818899 643.973391 640.924354 611.904399 607.841121 576.851998 604.058204 597.153890 541.148644 450.397980 496.421169 541.625309 798.525732 958.088956 -9999.0 -9999.0
-9999.0 -9999.0 -9999.0 -9999.0 -9999.0 -9999.0 -9999.0 -9999.0 -9999.0 -9999.0 -9999.0 -9999.0 -9999.0 -9999.0 -9999.0 -9999.0 -9999.0 -9999.0 -9999.0 -9999.0 -9999.0 -9999.0 -9999.0 -9999.0 -9999.0 -9999.0 -9999.0 -9999.0 -9999.0 -9999.0 -9999.0 -9999.0 -9999.0