oms3_prj_geotop/oms3.prj.geotop/data/Panola_sim_52/output_maps/prof_falda0004.asc
ncols         33
nrows         53
xllcorner     0.000000
yllcorner     0.000000
cellsize      1.000000
NODATA_value  -9999.0
-9999.0 -9999.0 -9999.0 -9999.0 -9999.0 -9999.0 -9999.0 -9999.0 -9999.0 -9999.0 -9999.0 -9999.0 -9999.0 -9999.0 -9999.0 -9999.0 -9999.0 -9999.0 -9999.0 -9999.0 -9999.0 -9999.0 -9999.0 -9999.0 -9999.0 -9999.0 -9999.0 -9999.0 -9999.0 -9999.0 -9999.0 -9999.0 -9999.0
-9999.0 -9999.0 1106.669324 1101.437745 1096.774084 1090.622464 1101.609327 1101.699637 1100.460312 1100.542221 1096.440825 1096.196438 1097.895448 1094.800417 1100.447827 1096.596704 1093.265366 1093.081217 1094.266061 1101.266500 1100.988576 1102.365608 1102.278594 1102.083002 1101.811215 1101.646764 1102.839080 1101.642604 1100.119994 1085.283671 1076.115125 -9999.0 -9999.0
-9999.0 -9999.0 1098.916603 1088.110341 1082.155761 1087.961900 1101.127857 1100.892842 1094.366346 1089.453918 1082.858611 1082.087978 1082.200852 1081.717263 1080.328680 1062.221890 1046.201623 1044.148437 1055.238861 1068.944712 1078.507238 1088.883249 1088.238499 1081.844865 1074.537854 1074.054779 1079.441198 1100.184738 1088.819085 1083.128999 1066.557725 -9999.0 -9999.0
-9999.0 -9999.0 1058.358442 1068.258550 1078.942209 1098.643530 1108.611910 1102.692484 1100.910560 1090.077901 1089.601440 1083.966623 1093.004534 1088.233487 1100.401403 1062.503762 1013.690170 1030.966878 1040.827175 1062.275087 1082.593074 1085.941740 1101.041949 1070.709229 1057.623807 1058.080387 1054.834365 1100.104670 1112.722742 1071.265497 1017.115845 -9999.0 -9999.0
-9999.0 -9999.0 1053.954683 1056.038389 1068.397312 1088.913860 1102.575822 1100.911970 1089.564032 1075.723892 1072.317012 1070.244496 1073.541719 1077.100206 1081.182026 1062.886107 1043.108996 1039.395813 1045.350765 1063.058588 1069.908669 1063.677612 1054.588253 1038.894009 1039.221041 1041.965292 1051.182035 1069.313698 1088.468035 1052.714781 1023.423592 -9999.0 -9999.0
-9999.0 -9999.0 1050.577455 1050.753418 1058.555421 1074.127045 1099.015574 1083.105828 1063.200335 1056.898859 1053.436858 1055.152339 1056.877587 1064.868067 1075.032592 1069.291109 1091.062552 1050.545993 1051.444397 1065.460241 1102.059393 1042.943534 986.517846 1010.612561 1029.880976 1027.597803 1011.916182 1030.186513 1012.424234 1022.949261 1010.059324 -9999.0 -9999.0
-9999.0 -9999.0 1063.276654 1049.004382 1047.848103 1054.466274 1062.952968 1057.015310 1045.403108 1040.014885 1038.387667 1040.396717 1044.797212 1050.105592 1053.516233 1047.344645 1042.543476 1015.465702 1016.427069 1037.590721 1065.054853 1015.407153 979.715543 993.509165 1021.263844 1028.403160 1024.160023 1024.413201 1017.551267 1019.916629 1016.444370 -9999.0 -9999.0
-9999.0 -9999.0 1053.273404 1038.598493 1033.259668 1036.336209 1043.531193 1032.883746 1029.148358 1026.854072 1024.835151 1031.363081 1034.172550 1041.931751 1036.497539 1024.333267 987.156936 979.267966 945.992211 1006.892149 1077.251488 996.325275 944.490818 991.176546 1049.075086 1042.717404 1041.729910 1041.190569 1035.767822 1032.132290 1017.998893 -9999.0 -9999.0
-9999.0 -9999.0 1070.650795 1044.784929 1026.992977 1011.824005 1004.345029 1000.114460 1005.541263 1026.819174 1025.777992 1026.937367 1038.478932 1043.324853 1036.914315 1018.429141 992.870155 980.540148 969.899666 985.207671 999.490720 970.055980 957.277721 987.716956 1033.298663 1051.415903 1060.906167 1063.175062 1056.211345 1049.884349 1039.632511 -9999.0 -9999.0
-9999.0 -9999.0 1056.356911 1032.287222 1016.033221 999.615500 957.946113 979.583488 975.549647 1001.566157 991.819917 1025.920896 1058.002037 1053.463662 1053.594422 1028.947457 1005.878143 998.573342 1025.977709 979.995697 940.922916 963.422391 953.345118 1003.629429 1035.583704 1064.135793 1094.569765 1085.432833 1096.683369 1055.714806 1020.923074 -9999.0 -9999.0
-9999.0 -9999.0 1083.749392 1052.853070 1031.640482 1015.034211 1002.262644 1003.217645 1003.366490 1011.103962 1018.240071 1029.147918 1041.850239 1044.244220 1044.446670 1029.215310 1009.045164 987.361198 982.595944 968.464693 973.986646 1008.556768 1025.156876 1045.458517 1052.798519 1059.519957 1067.558111 1066.826400 1064.510855 1051.458991 1040.805382 -9999.0 -9999.0
-9999.0 -9999.0 1050.208605 1034.413330 1032.287571 1046.152432 1079.936045 1053.467567 1048.123214 1042.063055 1052.082785 1039.802561 1019.927131 1033.422303 1040.632789 1025.966203 1012.850681 970.663264 924.405970 962.393529 1034.642042 1085.006533 1156.621336 1100.841246 1075.506206 1050.824156 1032.421574 1035.177031 1024.740657 1028.241054 1017.748733 -9999.0 -9999.0
-9999.0 -9999.0 1075.520443 1053.451529 1052.525193 1068.365181 1083.372884 1080.151312 1066.873100 1059.697017 1060.385948 1051.894910 1039.177753 1034.804716 1027.290754 1011.110590 994.553043 964.751364 943.532369 951.864818 987.734461 1038.490183 1105.675913 1084.912845 1060.237989 1035.835106 1020.316600 1015.885419 1015.651472 1023.233035 1032.650946 -9999.0 -9999.0
-9999.0 -9999.0 1060.695767 1049.337578 1056.328921 1076.825176 1103.194938 1100.000000 1069.882447 1071.213665 1073.464890 1067.037220 1075.347389 1038.894674 1013.056219 1001.087412 976.512205 982.012678 985.277578 956.867647 921.494577 969.125782 996.793645 1040.257480 1037.423737 1028.962412 1000.086758 1013.389250 1007.486186 1020.729513 1013.094712 -9999.0 -9999.0
-9999.0 -9999.0 1084.505427 1054.748548 1059.157395 1080.296869 1100.205700 1100.063855 1082.736858 1081.200462 1075.902721 1067.576471 1047.439719 1016.336027 1000.168770 999.192695 1004.529743 1015.612564 1015.182283 981.966793 952.991651 961.730779 988.755779 1031.758222 1047.015067 1053.620992 1040.257860 1041.690993 1037.633914 1041.191956 1040.844475 -9999.0 -9999.0
-9999.0 -9999.0 1099.116961 1073.391562 1070.769101 1082.729686 1102.345904 1098.496992 1085.745820 1081.630439 1102.355646 1071.221215 1003.282293 1000.699277 969.051942 1006.155570 1051.960319 1058.384340 1084.608907 1033.640268 1017.441486 960.861688 1015.575795 1064.408922 1104.697915 1091.070604 1099.044121 1084.681773 1099.476545 1057.400485 1020.977873 -9999.0 -9999.0
-9999.0 -9999.0 1153.837298 1117.951727 1104.612859 1090.137593 1071.002085 1064.222618 1056.247372 1061.684917 1081.956307 1060.424693 1034.351336 1023.000486 1008.808483 1022.517647 1051.473684 1058.333973 1064.532221 1035.008673 998.494383 971.303946 997.501172 1056.693335 1101.986537 1101.263516 1099.944312 1100.146474 1093.015063 1069.512620 1049.708863 -9999.0 -9999.0
-9999.0 -9999.0 1056.243276 1059.213944 1054.498245 1042.284442 1019.616111 1031.718223 1011.432059 1035.040709 1042.674268 1064.620981 1101.776913 1071.562263 1051.233650 1042.033166 1035.662833 1047.290332 1034.869460 1021.565453 991.622579 931.654174 978.019578 1044.913809 1101.434581 1102.948237 1105.285481 1098.526687 1082.006304 1057.565805 1024.903617 -9999.0 -9999.0
-9999.0 -9999.0 1086.366632 1040.128583 1060.791148 1054.277207 1045.830828 1036.792879 1023.992835 1026.665994 1042.015714 1066.359471 1098.382912 1074.516971 1054.612042 1038.849334 1030.954701 1045.055987 1036.874943 1014.420615 977.515373 953.841231 980.637278 1033.363879 1086.210992 1100.427187 1100.622720 1082.035978 1069.440825 1056.915584 1042.481958 -9999.0 -9999.0
-9999.0 -9999.0 1067.988206 1074.153967 1055.280421 1094.954051 1075.677759 1092.253820 1008.059007 1048.909097 1017.115062 1067.069602 1064.439326 1075.208403 1038.467805 1034.936438 1026.541293 1033.670916 1060.937216 1018.983123 971.535129 970.100475 995.875002 1036.361557 1082.336969 1076.087197 1056.541695 1063.752436 1064.497580 1054.095715 1034.173483 -9999.0 -9999.0
-9999.0 -9999.0 1106.803188 1109.336004 1098.298527 1136.437175 1144.685724 1162.887739 1123.685715 1129.216865 1111.659556 1121.003728 1107.840345 1091.706798 1057.941832 1034.047402 1024.900382 1035.510303 1043.587844 1007.437050 971.322699 970.537898 990.902873 1024.655374 1057.263218 1060.688625 1051.843649 1053.688298 1055.067803 1054.186795 1057.050690 -9999.0 -9999.0
-9999.0 -9999.0 1105.143645 1109.678756 1140.285391 1334.471192 1862.801766 1441.139586 1534.644520 1320.374777 1448.449966 1300.459421 1295.327033 1113.501426 1076.606332 1052.485128 1019.845102 1028.264859 1038.430473 1001.846707 958.386498 951.365154 973.025268 1019.956736 1049.902056 1055.729355 1055.903014 1048.567451 1053.437755 1046.245967 1034.080615 -9999.0 -9999.0
-9999.0 -9999.0 1123.035896 1132.815569 1145.670846 1304.494490 1616.205366 1429.889771 1500.157409 1311.295873 1351.603403 1172.143531 1151.491977 1082.437770 1042.741888 1061.691440 1028.451933 1029.004713 1024.059962 994.518325 961.085936 958.319852 979.986995 1022.970761 1048.067473 1050.867645 1041.032809 1029.489535 1027.122232 1042.441001 1059.958266 -9999.0 -9999.0
-9999.0 -9999.0 1112.787260 1115.648031 1111.677013 1142.276146 1103.555168 1138.476518 1009.775690 1109.295758 937.004137 939.828394 1056.308195 1045.478214 1127.007482 1170.147983 1063.282379 1041.194914 1023.640168 1000.797561 971.692770 936.273464 1017.765132 1041.702187 1076.750167 1046.314741 1024.530343 1009.959196 985.168050 998.311162 1031.138961 -9999.0 -9999.0
-9999.0 -9999.0 1127.502633 1111.216376 1033.974148 984.903133 935.045006 954.068305 961.583437 967.520783 940.451318 953.184294 968.282895 1033.541144 1165.750408 1159.863089 1065.184892 1038.003134 1029.126124 1009.266308 969.872623 955.498035 993.999004 1033.804622 1045.005422 1025.629389 1011.098403 1008.927736 1014.127232 1012.453392 1062.509115 -9999.0 -9999.0
-9999.0 -9999.0 1121.293271 1101.422486 991.893621 1006.725031 1045.657542 1089.518248 1243.526221 1106.262257 1217.595465 1112.599372 1384.699270 1340.415209 1234.627490 1146.808919 1013.160120 1029.937144 1056.517689 1026.522387 1009.620230 924.822733 1031.807738 1029.933033 1018.194117 1008.079388 978.793211 1023.342333 1074.916250 1031.234979 1036.331551 -9999.0 -9999.0
-9999.0 -9999.0 1193.129214 1141.243443 1068.572422 1100.002877 1119.183366 1303.134496 1414.585752 1411.955337 1325.437164 1294.439132 1370.058778 1351.639257 1161.878561 983.627830 994.383422 1026.151458 1037.353951 1016.852404 983.326163 955.951663 999.897928 1027.161877 1026.931524 1018.076895 1010.135283 1038.298606 1069.574529 1052.535594 1079.239999 -9999.0 -9999.0
-9999.0 -9999.0 1085.528632 1063.946714 1038.194407 1161.320432 1665.971840 1656.808900 1669.385430 1669.342509 1712.463180 1554.423657 1248.879243 1330.860981 1157.360137 1041.259463 1031.491119 1036.053254 1032.138918 1006.138455 970.021725 975.994624 1004.032250 1033.307852 1060.500909 1043.144233 1037.984089 1061.028997 1093.197355 1050.732665 1032.528811 -9999.0 -9999.0
-9999.0 -9999.0 1100.904422 1050.117651 1002.053274 1022.540287 1192.544587 1171.269730 1169.740726 1494.815051 1547.396284 1514.165679 1509.505529 1334.902190 1140.488603 1133.801392 1049.057029 1043.141071 1023.697722 998.161285 979.746677 982.522396 1004.667451 1029.278533 1054.690302 1057.669580 1059.188313 1074.870141 1100.273226 1060.310984 1060.171031 -9999.0 -9999.0
-9999.0 -9999.0 1165.803070 1118.274805 1038.259450 1016.014501 1076.731364 1073.169019 1116.788942 1367.505443 1397.841085 1350.452592 1307.687268 1290.066271 979.844326 933.526420 998.249889 1029.432474 1046.241020 1023.709953 996.452382 1023.901271 1016.315303 1039.283319 1060.595948 1072.780274 1063.081724 1072.890029 1089.891858 1054.750253 1038.295971 -9999.0 -9999.0
-9999.0 -9999.0 1109.296327 1102.281063 1046.044271 1047.984838 1069.919364 1092.112084 1139.897622 1313.260502 1215.173686 1187.270348 1153.440839 1100.147948 946.765961 764.759367 969.824964 1002.893649 1013.365445 1035.200751 1144.795587 1153.689166 1034.077790 1073.732036 1100.004937 1097.124875 1063.146739 1074.087913 1049.936409 1038.868332 1057.583627 -9999.0 -9999.0
-9999.0 -9999.0 1159.709109 1171.129939 1151.500700 1100.245110 1108.625506 1148.104026 1346.828491 1313.410223 1109.444446 1106.517399 1068.776817 1027.010787 1016.799892 992.311963 973.809410 994.530050 1008.239215 1074.475711 1120.354262 1147.039453 1107.432208 1169.891100 1179.566444 1121.017392 1109.366432 1083.358797 1110.527564 1063.827744 1043.266051 -9999.0 -9999.0
-9999.0 -9999.0 1111.584848 1125.789641 1136.142402 1156.796075 1191.230593 1344.705265 1303.901508 1261.259277 901.107281 1010.971597 1038.651912 1036.615431 1023.726483 1010.847307 999.431108 995.389512 1010.119579 949.681188 916.441964 990.772140 1089.303218 1122.778480 1131.307642 1082.814430 1100.715216 1083.461734 1100.173620 1049.076495 1064.082411 -9999.0 -9999.0
-9999.0 -9999.0 1022.093439 1066.904931 1122.331164 1343.182734 1341.472262 1310.816854 1150.919212 1157.732183 1007.009686 1027.868678 1022.227883 1029.718507 1021.756410 1027.542107 1052.771306 1007.951068 952.459431 701.870386 688.877369 778.475900 972.704338 1023.301188 1033.755660 1036.450693 1022.590241 1023.234043 1000.484436 1005.950157 1021.207176 -9999.0 -9999.0
-9999.0 -9999.0 1051.397025 1141.199323 1133.527673 1316.681230 1318.749667 1304.649081 1145.716789 1041.486915 1014.905481 1020.175309 1019.051251 1014.986006 1012.308694 1031.664061 1042.103718 1027.253569 992.809039 977.671527 955.261765 970.374008 999.085445 1016.350425 1022.281325 1015.532898 1001.322242 988.925453 984.172967 987.049367 1031.137482 -9999.0 -9999.0
-9999.0 -9999.0 983.212478 989.970196 1102.887857 1163.200513 1198.159486 1146.549299 1109.774517 964.812087 940.148687 987.534653 1003.088345 1004.103090 987.388490 999.234363 981.935349 1032.909511 1114.648946 1037.330717 983.193499 991.290324 997.617000 1014.397720 1009.948574 1010.914937 992.360797 984.033833 960.159513 980.590011 1001.251647 -9999.0 -9999.0
-9999.0 -9999.0 1020.572656 964.606664 924.360237 969.435720 985.801301 947.076857 899.051491 854.850148 809.075897 976.501168 997.891333 1006.116179 1018.426769 1012.543830 1011.840404 1039.724557 1086.154428 1031.750400 1004.782092 1008.821595 1020.237488 1029.230217 1030.597678 1030.612070 1022.251611 1012.602927 999.577449 999.032123 1034.285854 -9999.0 -9999.0
-9999.0 -9999.0 738.087000 761.780339 691.939373 755.968399 772.725774 733.173999 671.334218 663.818732 672.240449 978.268447 989.730569 1017.491159 1030.398317 1043.729230 1067.842741 1033.408231 989.973843 1011.637522 1005.850601 1033.614029 1061.573678 1060.103819 1066.041137 1064.683558 1085.632218 1054.051477 1070.489823 1019.623166 1005.596012 -9999.0 -9999.0
-9999.0 -9999.0 1039.079405 1017.307862 932.203343 906.748471 569.173392 535.757144 485.591757 446.187273 404.863611 967.721670 1001.163053 1024.465523 1046.320468 1053.523790 1055.334675 1030.569043 1008.319741 1016.967706 1030.847366 1055.727053 1070.857002 1076.629251 1072.350313 1068.279695 1068.320554 1055.535982 1063.111902 1038.064493 1034.494118 -9999.0 -9999.0
-9999.0 -9999.0 1042.247731 1012.207691 977.489790 991.661469 952.807181 911.363196 292.353045 221.986514 923.281171 984.626885 1006.114033 1027.267987 1040.609808 1050.016859 1046.198361 1034.720124 1032.701134 1035.659580 1064.277987 1079.198730 1102.872748 1084.910626 1067.936616 1054.545567 1040.253503 1033.506847 1013.087383 1007.075843 1005.857755 -9999.0 -9999.0
-9999.0 -9999.0 977.747512 1129.201579 1035.864597 1058.999396 1049.027644 1004.155905 919.101005 0.000000 929.538661 985.346393 1008.835760 1025.682919 1038.582170 1041.257507 1034.706802 1025.515501 1023.905373 1029.575201 1049.870162 1066.625727 1088.389960 1065.077031 1047.078913 1032.503602 1024.731363 1023.150108 1021.702230 1013.874284 1024.634643 -9999.0 -9999.0
-9999.0 -9999.0 973.217170 1059.108634 1072.025886 1109.238441 1149.506263 1106.229288 1046.804044 951.659053 0.000000 949.661423 989.687113 1023.179335 1047.033017 1040.225484 1024.286561 1018.803407 995.094466 1018.342951 1023.397223 1044.902161 1050.187935 1042.121452 1016.587277 1016.835787 1004.641714 1024.779254 1047.113413 1027.811692 1014.391126 -9999.0 -9999.0
-9999.0 -9999.0 1012.399534 1061.271667 1100.971569 1115.418948 1132.987777 1115.843335 1100.761779 1027.322659 956.033120 0.000000 947.929770 1004.516673 1034.880549 1038.147195 1032.829218 1027.959175 1019.367839 1021.387593 1022.859502 1030.115488 1034.668112 1030.028526 1020.170691 1015.245393 1014.366955 1030.525680 1049.478279 1036.095495 1042.560092 -9999.0 -9999.0
-9999.0 -9999.0 991.096413 1033.887517 1092.340379 1113.369377 1140.856398 1111.937597 1087.240567 1026.249663 963.149872 925.788329 0.000000 970.489382 1029.008943 1041.097023 1046.252175 1047.228346 1064.761022 1036.942464 1019.965454 1025.432986 1028.682753 1029.670538 1030.765863 1023.470836 1017.864105 1036.143709 1069.031618 1039.210820 1012.770335 -9999.0 -9999.0
-9999.0 -9999.0 1023.643208 1041.805938 1067.609192 1101.931891 1108.833548 1098.302886 1043.513328 1001.214133 941.982598 0.000000 938.476488 1001.979614 1029.880877 1037.574491 1040.655837 1043.755932 1047.730624 1032.455136 1020.041789 1017.499703 1020.137664 1022.223880 1027.084562 1028.215999 1026.543791 1027.696568 1033.653991 1022.104479 1023.480426 -9999.0 -9999.0
-9999.0 -9999.0 997.228166 1007.586122 1026.525706 1042.195075 1016.093501 1021.111489 995.549139 978.262016 0.000000 952.439669 1001.950052 1026.452148 1041.431631 1037.790766 1023.975989 1035.175797 1027.616356 1025.554056 1010.897378 1013.486418 1007.367131 1018.923229 1018.367277 1033.528200 1049.648369 1016.318820 984.537386 1008.723872 1003.500605 -9999.0 -9999.0
-9999.0 -9999.0 1008.267276 998.109859 997.265951 997.293392 997.074737 1005.984578 1003.442464 915.562495 986.762574 999.998942 1023.393349 1030.133336 1036.458831 1038.400957 1037.544409 1036.866796 1028.644733 1023.137581 1017.601978 1014.912117 1014.848748 1019.417435 1025.285255 1033.232903 1031.990321 1008.716539 991.904199 1004.543822 1026.703547 -9999.0 -9999.0
-9999.0 -9999.0 984.521218 970.630100 949.037801 988.135440 1025.676151 1020.144272 1026.753574 1022.759971 1020.028198 1090.662051 1028.742530 1030.742947 1024.224453 1051.232391 1074.908348 1054.267622 1035.256870 1029.623238 1035.476630 1033.590321 1030.544524 1036.892422 1043.562880 1041.796827 1029.403334 1008.269646 994.388808 1006.844540 1023.129144 -9999.0 -9999.0
-9999.0 -9999.0 1005.954602 981.570540 968.844143 986.874258 1010.741158 1021.649419 1028.655312 1026.936080 1023.827463 1031.857302 1026.617043 1056.218614 1070.059032 1075.907391 1084.337407 1078.303190 1047.586179 1037.364821 1024.312119 1010.017382 1008.655597 1013.881135 1019.099836 1029.440489 1032.353870 1023.487486 998.932136 1010.109980 1041.206411 -9999.0 -9999.0
-9999.0 -9999.0 983.351988 982.153268 986.915474 990.617782 1001.464656 1008.529226 1025.117104 1016.351309 1016.167029 1009.717430 1029.242760 1100.797673 1134.917130 1172.163019 1193.167338 1166.076232 1042.770352 1025.417356 1021.396526 1005.822635 1003.826191 1014.068814 1035.346649 1024.752229 1016.865234 1008.192919 1014.519613 1010.785228 1036.969288 -9999.0 -9999.0
-9999.0 -9999.0 994.500807 981.067749 979.943027 971.138707 969.624120 974.209662 984.375534 980.570547 978.414992 968.225168 959.633548 953.068957 945.524501 1072.587200 1146.772017 1136.701709 1027.626558 1006.211276 1003.795789 980.860093 980.801044 985.920625 995.109835 1003.374180 995.395499 983.570243 998.145855 1025.924674 1061.857822 -9999.0 -9999.0
-9999.0 -9999.0 998.562594 1001.727927 979.137370 966.610289 942.305641 958.436678 959.359060 951.891275 948.016148 936.172786 912.284088 664.592338 652.601231 849.170098 1008.148869 980.833590 984.822778 982.587171 984.591344 965.061676 954.628525 960.434410 975.435277 994.265116 967.540544 974.944454 971.953107 1037.064505 1087.619169 -9999.0 -9999.0
-9999.0 -9999.0 -9999.0 -9999.0 -9999.0 -9999.0 -9999.0 -9999.0 -9999.0 -9999.0 -9999.0 -9999.0 -9999.0 -9999.0 -9999.0 -9999.0 -9999.0 -9999.0 -9999.0 -9999.0 -9999.0 -9999.0 -9999.0 -9999.0 -9999.0 -9999.0 -9999.0 -9999.0 -9999.0 -9999.0 -9999.0 -9999.0 -9999.0