oms3_prj_geotop/oms3.prj.geotop/data/Panola_sim_52/output_maps/prof_falda0006.asc
ncols         33
nrows         53
xllcorner     0.000000
yllcorner     0.000000
cellsize      1.000000
NODATA_value  -9999.0
-9999.0 -9999.0 -9999.0 -9999.0 -9999.0 -9999.0 -9999.0 -9999.0 -9999.0 -9999.0 -9999.0 -9999.0 -9999.0 -9999.0 -9999.0 -9999.0 -9999.0 -9999.0 -9999.0 -9999.0 -9999.0 -9999.0 -9999.0 -9999.0 -9999.0 -9999.0 -9999.0 -9999.0 -9999.0 -9999.0 -9999.0 -9999.0 -9999.0
-9999.0 -9999.0 1124.674640 1114.161865 1110.649872 1109.194865 1114.910644 1114.782797 1111.934608 1112.273108 1109.827570 1109.708247 1110.029709 1109.017068 1110.865315 1108.607025 1107.479399 1107.361317 1107.982694 1112.368199 1112.119970 1114.985838 1114.804351 1114.496209 1114.037277 1113.805548 1116.785820 1114.000023 1111.066443 1106.755770 1104.517594 -9999.0 -9999.0
-9999.0 -9999.0 1110.306171 1107.894958 1106.720013 1107.854215 1113.865474 1112.911920 1109.194560 1108.021281 1106.286282 1105.991607 1105.589773 1105.320252 1104.627259 1101.310608 1086.096581 1082.074634 1095.753186 1102.205881 1104.270546 1106.733062 1106.473065 1105.296735 1103.816427 1103.679299 1104.908808 1110.411808 1107.592974 1105.794084 1101.804322 -9999.0 -9999.0
-9999.0 -9999.0 1101.356752 1103.167400 1105.282361 1110.246308 1127.459233 1114.848996 1111.663678 1107.361597 1107.499853 1105.640200 1107.651154 1106.088041 1109.648640 1100.455725 1038.001865 1056.347594 1068.423092 1099.117668 1104.177414 1105.054814 1110.471833 1101.643057 1096.595591 1095.254476 1088.139944 1109.325152 1132.876589 1101.890608 1045.447121 -9999.0 -9999.0
-9999.0 -9999.0 1096.860887 1100.016882 1102.197747 1106.814061 1113.103924 1110.176653 1106.352616 1103.697749 1102.764727 1102.053382 1102.537510 1102.957840 1103.538041 1096.856017 1061.834515 1058.682393 1066.150017 1088.495525 1098.048363 1094.601882 1079.384524 1060.308540 1059.736223 1064.309354 1076.490225 1101.001595 1103.721273 1082.362339 1043.361464 -9999.0 -9999.0
-9999.0 -9999.0 1084.773815 1084.801568 1095.963613 1102.185124 1107.248841 1104.081882 1100.635469 1093.017930 1084.246284 1086.375386 1088.909824 1096.044654 1100.977930 1090.639464 1101.706936 1063.154164 1061.722392 1078.130952 1106.830520 1052.127429 985.506070 1013.925103 1039.637345 1040.604239 1025.818806 1051.277303 1031.646138 1038.760553 1021.633283 -9999.0 -9999.0
-9999.0 -9999.0 1094.314823 1076.564219 1073.781708 1084.508725 1096.333556 1086.207295 1067.013694 1056.102928 1053.071334 1056.736840 1062.264895 1067.714354 1071.324999 1056.731889 1049.083342 1011.632173 1010.753033 1036.943979 1071.572617 1011.568848 970.080453 988.387769 1025.581476 1038.700105 1037.769467 1039.671158 1031.521153 1032.706725 1027.146406 -9999.0 -9999.0
-9999.0 -9999.0 1080.345947 1060.200343 1050.021109 1050.443690 1056.025928 1042.114131 1036.464308 1033.575720 1031.674202 1040.615148 1044.800828 1052.349725 1042.788456 1023.325092 978.634700 965.653165 930.807298 994.932126 1068.879373 984.182777 930.275419 983.191536 1054.598059 1054.551843 1057.116476 1058.208990 1051.626383 1047.365224 1029.653896 -9999.0 -9999.0
-9999.0 -9999.0 1097.356014 1064.665606 1038.756083 1016.480623 1004.114146 998.414945 1005.039368 1029.628475 1028.878661 1032.729493 1047.205317 1051.160464 1040.060797 1013.797172 981.233762 965.331573 953.897639 968.339789 982.635294 954.652394 943.557363 980.401310 1038.793628 1064.852085 1072.375581 1078.119633 1068.416083 1067.996609 1054.725966 -9999.0 -9999.0
-9999.0 -9999.0 1077.370302 1050.408027 1025.979309 1001.789990 951.216578 974.857107 971.204060 999.328476 986.094590 1030.034753 1066.492211 1060.506360 1056.093621 1023.598418 993.591039 982.218662 1007.197903 961.102371 924.610759 948.984562 941.848268 1001.413969 1045.086578 1083.972640 1104.111059 1101.900379 1104.734489 1073.970825 1033.038067 -9999.0 -9999.0
-9999.0 -9999.0 1102.435624 1076.290028 1047.521364 1025.195559 1008.211163 1007.576611 1006.974766 1015.152983 1022.559944 1034.656750 1047.246021 1048.448228 1044.455958 1022.201939 995.118152 968.351883 960.998338 949.094026 958.410902 999.866446 1025.015574 1048.635630 1067.362542 1079.090552 1096.296739 1093.853681 1091.654303 1067.390335 1053.070718 -9999.0 -9999.0
-9999.0 -9999.0 1079.759581 1058.466423 1053.700646 1068.344178 1099.011353 1071.651112 1065.445139 1056.916398 1065.393466 1048.091990 1020.866977 1034.603035 1038.100422 1017.093837 998.789035 950.979060 907.495354 942.802377 1018.763834 1079.046893 1186.071869 1105.446326 1091.438912 1066.803187 1045.585088 1047.151640 1034.442009 1036.822789 1024.349772 -9999.0 -9999.0
-9999.0 -9999.0 1101.622258 1083.911041 1081.431035 1094.170186 1101.947039 1100.383670 1093.468919 1082.057934 1079.364620 1065.283995 1045.181446 1035.443479 1022.156239 1000.500650 980.493977 947.041847 926.149982 933.195014 968.365974 1026.883727 1107.553246 1100.335959 1073.902120 1047.702137 1028.286944 1022.330419 1021.257621 1029.682427 1039.752194 -9999.0 -9999.0
-9999.0 -9999.0 1093.659876 1081.303609 1087.605802 1100.815422 1112.561729 1106.184367 1097.957907 1093.334396 1095.655111 1083.601974 1084.373548 1038.722583 1006.014320 990.573686 964.562571 967.874580 969.241153 939.056397 905.911083 952.360780 987.980458 1045.317788 1046.527194 1039.545597 1006.080468 1020.977709 1013.284829 1028.039644 1018.881543 -9999.0 -9999.0
-9999.0 -9999.0 1103.024935 1085.596638 1090.606029 1101.990532 1107.174622 1107.132677 1102.281982 1101.592010 1095.637953 1083.507458 1053.105434 1013.094029 992.001648 991.975560 998.088295 1008.725842 1005.818730 967.659552 937.005803 945.198579 977.619801 1032.521971 1053.476782 1064.567973 1049.598592 1057.245455 1045.150741 1054.553040 1052.511182 -9999.0 -9999.0
-9999.0 -9999.0 1110.818193 1101.798447 1097.207474 1101.630981 1111.337113 1106.718288 1103.641996 1102.017210 1109.141524 1090.484628 1004.513348 996.694005 960.146329 1002.337031 1052.111317 1059.180687 1082.043686 1024.776672 1003.098514 944.339114 1005.156445 1068.760962 1110.638329 1101.767127 1104.274691 1098.385891 1104.641238 1075.824375 1032.683900 -9999.0 -9999.0
-9999.0 -9999.0 1208.577868 1139.434829 1114.662262 1104.363511 1101.305370 1100.571043 1089.999943 1088.042299 1101.389917 1079.832825 1037.905922 1026.203504 1008.565796 1022.866271 1055.972135 1060.325815 1062.803866 1025.954618 982.703550 953.456016 984.344684 1059.574236 1106.156853 1107.955949 1107.385914 1105.628204 1104.591398 1090.508844 1065.698437 -9999.0 -9999.0
-9999.0 -9999.0 1076.953089 1090.512202 1090.248326 1077.992191 1045.970349 1055.668454 1026.586639 1053.050849 1064.497507 1079.987785 1106.444097 1088.210168 1058.049070 1045.266656 1037.681205 1047.592266 1030.799659 1010.263372 974.024393 915.047345 962.522014 1045.034151 1105.481004 1109.460151 1114.462748 1106.124975 1102.423806 1076.669616 1036.787201 -9999.0 -9999.0
-9999.0 -9999.0 1103.069711 1066.486913 1090.141550 1076.373335 1071.014507 1056.049156 1044.385675 1045.980632 1061.110336 1080.945194 1104.198792 1095.503042 1062.405884 1041.023954 1029.286224 1045.827075 1032.438443 1001.453459 959.191512 935.982702 965.134288 1031.178032 1100.757335 1105.135075 1105.697399 1102.454142 1098.463650 1074.684439 1055.393191 -9999.0 -9999.0
-9999.0 -9999.0 1097.720761 1097.616728 1072.967757 1109.431916 1103.899622 1109.213812 1035.898579 1074.610626 1032.402275 1085.768799 1087.144432 1083.302840 1044.090757 1035.860002 1024.241099 1031.421733 1059.454682 1005.731274 953.919212 950.903796 979.733030 1030.877108 1097.128676 1100.218601 1082.960340 1090.714051 1082.730005 1068.362546 1044.797546 -9999.0 -9999.0
-9999.0 -9999.0 1117.657652 1123.277385 1110.776375 1183.356110 1206.253822 1234.671682 1158.516755 1163.336148 1128.577552 1139.071811 1116.478923 1102.217448 1068.666773 1035.055056 1021.723158 1030.566715 1034.631876 991.025565 951.385400 949.967266 973.109331 1015.564052 1060.285463 1073.159879 1064.538402 1066.448796 1067.151380 1065.535253 1068.033516 -9999.0 -9999.0
-9999.0 -9999.0 1116.429714 1124.827453 1160.881884 1389.199933 1938.247004 1530.562748 1627.978427 1368.543768 1513.126711 1309.432411 1307.395739 1122.501079 1084.012429 1055.943080 1017.545791 1022.828367 1027.958148 984.455860 938.578856 931.536484 954.759306 1009.455490 1049.707911 1061.627661 1063.481312 1055.598056 1060.632884 1053.597461 1041.254924 -9999.0 -9999.0
-9999.0 -9999.0 1143.269850 1150.339130 1148.717578 1311.075402 1695.662870 1485.761397 1503.613643 1312.296484 1349.302000 1167.960012 1143.076532 1083.407465 1045.251684 1067.234182 1027.727180 1024.597392 1013.655238 977.589531 941.507187 937.835896 962.445422 1013.275348 1047.366369 1053.976218 1043.777312 1030.657202 1027.868811 1046.284637 1067.598048 -9999.0 -9999.0
-9999.0 -9999.0 1124.386274 1122.028886 1104.157047 1131.129460 1007.552908 1119.040433 960.170578 1051.603091 911.069007 919.634211 1024.641323 1043.017656 1140.409985 1173.905221 1068.562655 1039.281999 1015.044984 985.338175 952.115561 917.964692 1000.642511 1033.486112 1076.114736 1047.354314 1023.561559 1007.441270 980.574856 996.724099 1036.332879 -9999.0 -9999.0
-9999.0 -9999.0 1149.632149 1116.182763 1021.179641 966.356373 915.588117 935.463505 941.550487 947.233049 924.213308 940.706550 957.338040 1041.698524 1174.130859 1164.462752 1070.724045 1037.207463 1023.166375 995.745831 951.758268 936.077802 977.780350 1025.365485 1042.277340 1023.720552 1007.978319 1007.862078 1016.626703 1016.301966 1072.852611 -9999.0 -9999.0
-9999.0 -9999.0 1142.395323 1104.715237 986.375108 994.678977 1038.080406 1088.641287 1302.450477 1109.962855 1259.138831 1118.410711 1389.549291 1342.631515 1258.668880 1154.600604 1012.905110 1028.695388 1051.735161 1014.605919 991.748146 908.462212 1016.751242 1022.462054 1014.843896 1005.586678 974.165242 1027.511175 1086.392528 1042.215847 1049.013193 -9999.0 -9999.0
-9999.0 -9999.0 1262.153586 1169.571100 1071.418418 1100.363863 1122.900303 1287.826393 1352.696564 1350.671158 1331.881714 1300.115636 1376.528174 1354.963138 1182.800668 1000.247612 992.855937 1024.228426 1031.579780 1004.343098 965.985616 939.181934 986.245852 1021.478774 1027.523868 1020.983680 1014.589923 1049.861971 1080.758170 1069.636714 1098.202145 -9999.0 -9999.0
-9999.0 -9999.0 1097.586349 1076.794910 1040.177486 1169.120995 1666.074687 1656.871017 1669.373666 1669.245415 1712.828997 1556.867186 1257.113614 1334.495986 1170.927163 1051.575809 1030.628440 1034.650090 1026.037763 994.400512 953.528073 960.180819 992.852757 1031.042807 1066.796307 1054.195834 1052.235229 1081.447699 1102.395723 1068.935487 1048.329157 -9999.0 -9999.0
-9999.0 -9999.0 1109.629853 1063.043950 999.401953 1037.444174 1215.766207 1194.500738 1193.042756 1500.219936 1548.054168 1514.641236 1509.891310 1338.613214 1153.858109 1144.044398 1052.680082 1044.262781 1018.137345 987.679526 966.656057 970.899914 997.442345 1029.949140 1063.366713 1072.708852 1078.594760 1097.662543 1104.430115 1078.074959 1077.494704 -9999.0 -9999.0
-9999.0 -9999.0 1215.340311 1131.842322 1045.565591 1021.510479 1096.252237 1089.630617 1132.507757 1372.683672 1398.633815 1351.315728 1308.704034 1292.312532 1006.405681 960.041351 998.816351 1027.456753 1045.859929 1020.817103 988.350670 1021.496668 1015.583559 1045.186224 1065.332278 1082.744620 1081.967903 1093.894188 1102.367454 1068.173263 1051.008687 -9999.0 -9999.0
-9999.0 -9999.0 1115.139770 1104.506465 1052.474070 1051.750604 1081.817141 1101.905231 1155.106547 1309.772218 1235.885671 1206.422674 1171.137707 1101.504009 935.763876 911.647966 860.611881 981.962701 1006.002321 1034.648529 1145.658049 1153.517488 1039.048228 1089.966097 1104.661198 1102.633600 1077.640330 1092.942608 1060.869542 1045.449898 1067.823355 -9999.0 -9999.0
-9999.0 -9999.0 1163.038683 1176.410780 1154.091201 1102.781013 1117.356696 1159.163046 1348.522640 1304.469081 1115.039050 1109.692847 1082.189000 1032.376987 1012.917335 985.551479 959.636393 983.050439 1001.192252 1075.475072 1123.231465 1151.671554 1113.578011 1176.697766 1190.015508 1130.347250 1119.731417 1098.398580 1118.825167 1070.424866 1048.063625 -9999.0 -9999.0
-9999.0 -9999.0 1114.461501 1131.458250 1142.232622 1164.322906 1211.675302 1347.855934 1308.410834 1164.765686 909.935071 1013.591868 1044.815528 1039.208736 1021.495229 1005.151469 990.781681 983.090090 989.042638 936.026152 925.145666 999.657792 1098.417186 1128.529773 1136.593702 1092.851470 1103.866216 1088.433024 1101.013574 1048.338090 1063.980737 -9999.0 -9999.0
-9999.0 -9999.0 1027.968549 1083.099848 1126.516489 1346.506253 1343.864465 1317.820864 1190.676608 1164.189944 1002.203977 1027.061642 1020.004408 1028.442131 1018.716697 1023.976898 1046.305072 986.951733 816.898618 802.888587 772.265129 857.289180 954.794377 1022.587507 1034.609624 1035.522874 1019.262178 1017.512696 993.347381 995.471811 1012.429201 -9999.0 -9999.0
-9999.0 -9999.0 1066.479025 1149.882905 1138.353707 1319.896883 1321.487208 1308.381916 1155.853300 1049.076017 1018.220671 1018.207711 1014.625595 1010.196969 1007.502519 1031.366571 1041.618634 1021.105590 725.138706 960.323220 940.448130 958.040676 990.393555 1012.663495 1019.935438 1011.702022 994.013170 976.961586 970.192715 973.093471 1020.057275 -9999.0 -9999.0
-9999.0 -9999.0 981.634470 1015.325210 1104.845344 1169.837317 1204.868007 1155.875344 1112.552371 980.548846 942.118958 973.060176 994.251828 996.980836 980.588967 992.452175 972.300807 1032.281843 1119.466291 1031.068349 972.693365 982.172484 991.603773 1012.298527 1008.184771 1008.182829 985.976285 973.336544 946.445769 967.186609 989.550275 -9999.0 -9999.0
-9999.0 -9999.0 1014.537340 984.028744 928.101124 972.993007 989.756819 949.850005 900.811752 857.427886 811.408380 961.178552 986.169825 999.252308 1018.127784 1011.269261 1011.292499 1041.834964 1089.533114 1030.271493 1000.315440 1006.599786 1022.364745 1034.266812 1036.236312 1034.915982 1023.381769 1009.848560 993.170178 990.273593 1026.682562 -9999.0 -9999.0
-9999.0 -9999.0 740.192704 764.171320 694.660863 758.993172 775.686357 735.824671 673.688157 666.002034 674.371770 955.438760 974.038542 1010.538837 1031.127809 1046.996647 1073.402028 1035.682336 986.160421 1009.846807 1005.324722 1039.404490 1072.654563 1073.943620 1079.966901 1076.703322 1094.181758 1058.399917 1072.401031 1016.333222 999.753732 -9999.0 -9999.0
-9999.0 -9999.0 1023.980826 1013.526600 925.129968 846.615461 571.734693 538.113992 487.594631 448.062564 406.846534 940.969929 983.550394 1017.062513 1046.934898 1058.658613 1061.313581 1033.281971 1007.849189 1018.128539 1036.723526 1067.179268 1080.651008 1091.789010 1088.172343 1080.789994 1076.196765 1060.230981 1067.579126 1039.210086 1031.564863 -9999.0 -9999.0
-9999.0 -9999.0 1032.357736 1007.205535 972.110656 988.535085 943.543758 807.454366 294.038121 223.360069 814.103442 957.462132 987.762090 1018.979861 1040.243900 1053.996888 1050.584489 1037.187805 1034.412486 1039.382012 1073.640353 1093.260474 1108.555149 1100.193916 1080.553397 1062.433232 1043.735408 1033.843740 1008.929259 1000.505872 1000.529031 -9999.0 -9999.0
-9999.0 -9999.0 964.826295 1139.608365 1039.191088 1062.134197 1050.035644 983.540327 807.174541 0.000000 848.054905 956.500758 987.141099 1014.610719 1036.191226 1042.924761 1036.362303 1025.526766 1022.931600 1030.731555 1055.552014 1077.226410 1100.942654 1077.641679 1052.645465 1033.879974 1023.507627 1021.460603 1019.644242 1010.259798 1021.194279 -9999.0 -9999.0
-9999.0 -9999.0 961.461581 1058.904695 1073.237959 1118.463072 1183.467466 1109.030743 1028.404710 920.712249 0.000000 917.092293 961.274033 1006.558031 1041.677488 1040.141933 1024.347140 1017.652518 990.917557 1016.729779 1023.735287 1049.253446 1060.584081 1045.967111 1015.475515 1013.860046 1000.116136 1022.988179 1047.674264 1026.488041 1011.276872 -9999.0 -9999.0
-9999.0 -9999.0 1002.906602 1061.203121 1103.547860 1128.412737 1158.478403 1125.830558 1084.874183 995.661266 920.698135 0.000000 917.582735 982.375438 1026.174909 1036.764808 1033.942796 1029.179871 1019.546674 1020.490237 1021.505175 1029.795214 1035.317334 1029.602034 1018.026710 1011.672782 1010.681111 1029.402851 1050.758695 1035.868892 1041.488063 -9999.0 -9999.0
-9999.0 -9999.0 978.268541 1028.583130 1100.285743 1122.077273 1165.915856 1118.180165 1067.763180 998.668356 930.667606 799.322125 0.000000 944.605520 1022.201350 1039.264823 1047.904416 1050.244986 1068.102882 1037.479111 1017.446936 1022.640287 1026.168709 1027.391526 1028.875265 1020.624343 1014.613966 1034.591882 1068.929249 1037.284854 1008.207174 -9999.0 -9999.0
-9999.0 -9999.0 1009.690442 1031.336413 1067.113227 1102.722033 1111.568922 1095.617472 1025.900774 970.011667 910.596948 0.000000 909.270997 980.145556 1020.544362 1035.299117 1042.013289 1046.683060 1050.018513 1031.862884 1016.403031 1012.671642 1015.241456 1018.111584 1024.057937 1025.853783 1023.639005 1023.352800 1028.212996 1016.362969 1017.921825 -9999.0 -9999.0
-9999.0 -9999.0 979.434236 990.618292 1012.214050 1032.613231 1004.858061 1006.036648 969.635729 932.812292 0.000000 918.860146 975.252995 1010.488347 1034.524071 1036.671235 1024.789563 1037.345697 1028.014171 1023.670234 1006.038501 1007.703774 1000.991239 1014.479547 1014.529290 1030.800716 1046.369666 1008.994535 973.764748 1000.053355 995.788675 -9999.0 -9999.0
-9999.0 -9999.0 988.635538 978.197599 977.359442 979.648038 981.084161 986.290465 961.465739 0.000000 938.744851 971.853843 1004.086546 1018.476434 1030.845462 1038.483756 1041.197981 1040.329223 1029.374188 1021.436335 1014.148025 1010.285779 1009.928302 1015.118154 1021.829180 1029.712036 1026.565391 999.416035 980.867236 995.465882 1020.834934 -9999.0 -9999.0
-9999.0 -9999.0 964.508255 950.366665 929.982369 968.278924 1007.111334 1000.274431 1001.552710 977.592794 992.268990 1068.116808 1014.287132 1020.506391 1018.236422 1052.471057 1081.161593 1059.356914 1036.503732 1028.010735 1035.557708 1032.891077 1029.355462 1036.498070 1043.868542 1041.178394 1022.194167 998.535587 983.531545 998.264579 1017.811317 -9999.0 -9999.0
-9999.0 -9999.0 984.660409 960.503213 948.183327 965.079509 987.315344 917.847249 1005.536336 1002.897006 1002.312121 1011.894226 1010.176372 1045.541714 1063.979017 1081.279231 1094.309708 1087.387286 1050.680240 1037.062561 1020.959296 1001.878622 999.449649 1005.879919 1012.667438 1024.870721 1027.625419 1017.955642 987.198977 1000.435411 1035.631950 -9999.0 -9999.0
-9999.0 -9999.0 961.236284 958.944725 962.000482 964.275702 966.841082 979.846237 997.169832 989.358308 989.281801 983.994391 1006.574758 1096.345953 1130.002580 1170.287462 1196.387001 1168.127915 1042.086608 1021.128308 1014.169117 987.949944 984.132227 994.292335 1016.290181 1016.046895 1008.135853 999.383485 1007.278718 999.715182 1029.993171 -9999.0 -9999.0
-9999.0 -9999.0 967.780144 953.729267 950.255042 941.091841 917.068253 942.727498 951.770050 949.198142 946.986963 938.929554 932.345270 914.942632 929.147510 1056.293578 1139.902822 1132.579607 1021.167024 997.203195 992.356170 956.346706 954.146854 959.173167 968.888271 990.732768 982.537008 970.262551 988.237468 1019.351445 1053.972798 -9999.0 -9999.0
-9999.0 -9999.0 963.134770 960.937421 939.682612 928.992450 911.548026 922.490623 923.599370 920.167165 916.359616 909.570520 812.370065 648.811563 636.104848 832.847965 991.808359 964.503625 959.345418 960.792018 956.561036 933.928455 924.354677 930.418645 942.437571 969.785469 935.406566 944.450564 946.990060 1023.691290 1086.162637 -9999.0 -9999.0
-9999.0 -9999.0 -9999.0 -9999.0 -9999.0 -9999.0 -9999.0 -9999.0 -9999.0 -9999.0 -9999.0 -9999.0 -9999.0 -9999.0 -9999.0 -9999.0 -9999.0 -9999.0 -9999.0 -9999.0 -9999.0 -9999.0 -9999.0 -9999.0 -9999.0 -9999.0 -9999.0 -9999.0 -9999.0 -9999.0 -9999.0 -9999.0 -9999.0