oms3_prj_geotop/oms3.prj.geotop/data/Panola_sim_52/output_maps/prof_falda0010.asc
ncols         33
nrows         53
xllcorner     0.000000
yllcorner     0.000000
cellsize      1.000000
NODATA_value  -9999.0
-9999.0 -9999.0 -9999.0 -9999.0 -9999.0 -9999.0 -9999.0 -9999.0 -9999.0 -9999.0 -9999.0 -9999.0 -9999.0 -9999.0 -9999.0 -9999.0 -9999.0 -9999.0 -9999.0 -9999.0 -9999.0 -9999.0 -9999.0 -9999.0 -9999.0 -9999.0 -9999.0 -9999.0 -9999.0 -9999.0 -9999.0 -9999.0 -9999.0
-9999.0 -9999.0 1196.487577 1164.090121 1152.622833 1148.683126 1166.727902 1165.206562 1155.166283 1155.178434 1146.741729 1145.687296 1145.596692 1141.911101 1145.888363 1138.644701 1135.648644 1135.428646 1137.210767 1149.274382 1149.185587 1157.822080 1157.924744 1157.565094 1156.989306 1157.327196 1168.141766 1158.598450 1149.314802 1136.194951 1129.484637 -9999.0 -9999.0
-9999.0 -9999.0 1150.066174 1142.360121 1138.977471 1143.675475 1162.937284 1157.867321 1145.256550 1140.605032 1135.126064 1133.437022 1131.776376 1130.018752 1127.683487 1117.663824 1110.691337 1109.417257 1113.815891 1120.263475 1125.574578 1132.202243 1132.598105 1128.969037 1125.854407 1127.097965 1131.893485 1146.169076 1139.469000 1132.030728 1121.693487 -9999.0 -9999.0
-9999.0 -9999.0 1121.240367 1126.637778 1132.887941 1148.380954 1195.538637 1159.445332 1148.706025 1135.889924 1136.910801 1130.402895 1135.026973 1130.153855 1138.336595 1114.352727 1097.400686 1102.502686 1104.473784 1112.860565 1122.955259 1124.794543 1139.718148 1117.706288 1113.257755 1114.691913 1114.719957 1140.875345 1198.818117 1120.471908 1101.523088 -9999.0 -9999.0
-9999.0 -9999.0 1115.866299 1116.661272 1122.199562 1134.082184 1149.777571 1140.732609 1129.816174 1122.939083 1120.505860 1118.526949 1119.185271 1119.411407 1119.428063 1110.256400 1100.577739 1100.658856 1101.764894 1107.743176 1110.710616 1108.116785 1103.521051 1100.760714 1102.079183 1103.910695 1107.620497 1115.542595 1121.513061 1108.062991 1098.008636 -9999.0 -9999.0
-9999.0 -9999.0 1110.812328 1111.090843 1113.741201 1119.585432 1130.277050 1121.553570 1113.239782 1110.189554 1107.873691 1108.409735 1108.371980 1110.017750 1112.463056 1107.293648 1112.191609 1093.401082 1088.457824 1101.691958 1119.384895 1081.869697 999.368303 1033.967577 1072.250583 1081.880843 1075.478679 1100.726298 1082.636434 1090.430154 1063.026662 -9999.0 -9999.0
-9999.0 -9999.0 1113.227148 1107.907107 1106.774711 1107.763104 1109.789513 1107.062172 1103.206770 1101.082928 1100.034511 1100.671746 1101.486971 1102.260068 1101.981794 1092.531964 1068.890374 1013.939343 1009.746669 1044.382748 1079.619024 1012.279947 963.515637 989.896870 1041.631712 1065.467865 1073.393453 1081.418084 1071.110108 1071.381278 1062.736922 -9999.0 -9999.0
-9999.0 -9999.0 1106.997179 1102.870093 1100.805205 1100.108194 1100.230492 1082.378963 1069.127405 1061.106379 1055.557194 1070.452001 1076.942980 1083.251031 1065.271886 1029.553791 971.508932 950.074154 913.368493 979.800556 1057.582468 969.937801 914.688291 977.620862 1067.765922 1077.264493 1086.422241 1091.103420 1085.674309 1083.558948 1063.660801 -9999.0 -9999.0
-9999.0 -9999.0 1111.977506 1102.494198 1079.786428 1043.273084 1021.288615 1010.442821 1015.959532 1038.191293 1037.621387 1048.589845 1066.141529 1066.989816 1047.478410 1009.007983 965.903805 944.942366 932.406948 945.647736 960.399995 935.208353 927.153658 973.821816 1050.063716 1080.299518 1092.463935 1099.638091 1094.077260 1098.248450 1089.060819 -9999.0 -9999.0
-9999.0 -9999.0 1105.491461 1091.037259 1058.829265 1020.573534 950.972420 978.106258 973.097208 1000.006182 981.367864 1040.281336 1080.157524 1070.421593 1057.768096 1014.195666 974.817015 958.203002 979.502138 935.861355 904.736090 929.919093 927.418860 1000.029842 1060.266768 1101.484109 1116.432629 1112.330932 1119.284808 1101.484943 1064.213580 -9999.0 -9999.0
-9999.0 -9999.0 1118.310370 1104.513099 1086.165338 1051.934643 1019.346033 1022.929835 1020.734004 1027.297276 1033.695289 1046.375773 1056.708381 1053.696426 1041.620590 1009.201598 973.496584 942.024435 932.060091 923.846108 935.980640 983.947284 1021.132026 1050.939692 1078.267862 1102.176463 1106.957883 1106.612090 1105.638596 1100.291664 1082.322893 -9999.0 -9999.0
-9999.0 -9999.0 1106.089293 1100.612764 1088.780071 1090.905492 1108.961246 1095.807778 1083.325567 1076.093601 1086.342776 1062.585099 1024.630072 1036.028177 1031.858477 1001.645136 977.756937 924.801819 748.105230 917.400228 992.840830 1063.684377 1219.717012 1113.850841 1103.555165 1099.978774 1086.307437 1088.315648 1071.544610 1064.580857 1047.069696 -9999.0 -9999.0
-9999.0 -9999.0 1117.974574 1107.671662 1105.390198 1109.418905 1117.393540 1112.409728 1106.700064 1102.300606 1098.986685 1078.770866 1052.092193 1036.741129 1013.807777 983.890923 960.288878 923.512644 903.378212 910.068420 941.106528 1007.023808 1108.869598 1103.887778 1099.664541 1071.678987 1051.755442 1045.129238 1042.952189 1051.203966 1061.272675 -9999.0 -9999.0
-9999.0 -9999.0 1112.694356 1108.178241 1109.169243 1116.640707 1141.126622 1125.163992 1109.939966 1107.679674 1106.693618 1101.982942 1100.610190 1042.488674 996.806290 974.984886 947.200511 946.068426 944.909577 915.403544 810.204968 929.848331 976.234243 1056.514788 1061.823689 1058.478781 1023.905378 1040.669200 1032.576593 1049.605917 1039.466141 -9999.0 -9999.0
-9999.0 -9999.0 1125.779196 1110.124575 1110.549334 1118.974090 1129.192606 1127.224827 1115.955268 1113.508374 1109.693731 1103.105244 1076.533934 1013.870036 982.737226 981.456300 985.778562 992.514698 985.816501 945.057303 915.109449 923.898285 962.385156 1033.042117 1061.904319 1074.584992 1064.101665 1069.277242 1063.032905 1079.979180 1079.077048 -9999.0 -9999.0
-9999.0 -9999.0 1150.057704 1125.993648 1117.538426 1119.872601 1138.818937 1125.959469 1118.923368 1115.611727 1128.390555 1104.233876 1020.696617 997.357054 950.986154 996.508501 1046.355943 1049.248299 1066.053083 1004.468850 979.366312 923.133396 989.709352 1069.171763 1122.366751 1111.970892 1116.799546 1109.033915 1117.687969 1093.392003 1060.582809 -9999.0 -9999.0
-9999.0 -9999.0 1305.987683 1217.263726 1151.660409 1124.520469 1114.501412 1112.776382 1108.708467 1108.247576 1112.597384 1103.032945 1056.059248 1035.305672 1011.059345 1023.190477 1058.911855 1054.905267 1049.938732 1006.512728 959.029987 930.620209 966.383015 1058.330542 1113.748252 1123.103985 1124.800751 1120.725230 1117.489429 1105.541238 1097.319608 -9999.0 -9999.0
-9999.0 -9999.0 1105.942999 1108.471118 1108.053934 1107.395144 1100.707964 1103.643351 1088.915078 1102.026933 1101.894941 1104.220666 1119.311148 1096.348769 1068.137197 1050.122917 1040.083604 1042.679567 1018.393667 989.997343 949.415249 855.177726 942.524968 1040.998173 1111.562851 1123.342386 1136.380505 1120.458132 1112.842702 1102.951371 1067.616897 -9999.0 -9999.0
-9999.0 -9999.0 1122.080350 1102.954085 1113.064867 1110.261098 1107.288624 1104.018895 1101.029593 1092.810477 1101.281646 1103.778403 1115.591874 1104.036570 1080.583741 1045.844939 1027.154436 1043.966784 1021.265361 980.171652 934.778951 913.906133 944.499249 1024.937616 1102.570116 1113.395232 1117.054939 1112.173071 1107.221611 1102.299707 1085.829987 -9999.0 -9999.0
-9999.0 -9999.0 1117.419989 1120.834483 1110.298580 1152.477829 1136.113047 1148.839686 1100.070046 1110.086562 1078.538678 1107.636763 1105.912711 1103.020874 1061.570016 1039.767998 1021.080135 1026.191082 1052.325807 985.172353 921.539257 926.345225 957.441531 1022.594266 1101.581109 1104.901774 1102.128947 1105.242009 1104.603744 1100.746738 1072.391885 -9999.0 -9999.0
-9999.0 -9999.0 1157.831958 1174.702071 1158.810811 1301.911671 1313.757909 1325.843793 1275.587891 1262.113516 1179.653424 1185.348477 1136.822141 1113.253364 1086.504665 1038.777561 1017.383784 1020.870616 1018.121488 966.166176 925.758833 924.285405 949.010402 1002.267287 1071.838857 1099.625137 1097.652193 1100.708861 1100.694612 1095.767907 1092.715577 -9999.0 -9999.0
-9999.0 -9999.0 1155.437887 1177.080181 1226.403767 1508.650756 2120.252055 1693.839290 1737.607733 1503.931930 1575.336577 1334.766621 1324.031449 1143.104526 1095.265955 1060.831488 1014.277420 1012.248108 1008.625013 958.739218 914.349913 908.236011 930.886435 992.737904 1047.180802 1070.185011 1078.103624 1076.882469 1083.319558 1072.395143 1059.711307 -9999.0 -9999.0
-9999.0 -9999.0 1202.650497 1198.706969 1166.227981 1333.296989 1722.709390 1510.540544 1522.011237 1321.580074 1355.320537 1168.576239 1136.422194 1090.017224 1051.377901 1074.586061 1025.414443 1014.986158 994.823399 952.608186 916.975295 913.510567 938.234728 995.906042 1041.161137 1055.934319 1049.566732 1037.833766 1036.270196 1058.500981 1083.389366 -9999.0 -9999.0
-9999.0 -9999.0 1158.456174 1139.974917 1100.012947 1120.017251 954.134783 1102.128230 923.664605 990.391615 801.349820 898.292716 991.909107 1043.274827 1164.982631 1177.471738 1073.245258 1032.334917 998.304922 961.422114 926.696551 865.087677 975.096657 1016.355197 1068.245184 1046.023821 1024.268567 1008.758150 980.532130 1002.173984 1049.577177 -9999.0 -9999.0
-9999.0 -9999.0 1204.458038 1128.356359 1001.132984 946.262760 840.376625 0.000000 917.764837 139.269356 114.344252 907.762458 937.540571 1049.349061 1184.487839 1168.588769 1076.446509 1032.112976 1010.081286 973.398699 927.357316 912.351496 953.839950 1008.785154 1034.031051 1020.527210 1006.790830 1011.014149 1022.376250 1028.114674 1088.958291 -9999.0 -9999.0
-9999.0 -9999.0 1185.692567 1114.001590 983.828219 980.582386 1028.820860 395.561786 1351.977053 1117.077040 1276.804580 1131.521411 1394.136904 1345.191525 1287.289094 1164.606876 1014.082347 1023.865864 1039.637305 993.303866 964.254136 818.869613 991.757488 1007.830222 1008.202920 1003.563873 972.564792 1038.125853 1100.683027 1061.083298 1057.095874 -9999.0 -9999.0
-9999.0 -9999.0 1312.934347 1235.275317 1080.520097 1102.139302 1130.201630 1273.543695 1304.260308 1302.326319 1334.683747 1303.483650 1383.577979 1359.043263 1215.235430 1025.620039 996.287200 1019.677877 1019.900890 984.059739 942.032960 917.183491 966.028342 1010.797956 1026.689612 1026.917172 1025.504905 1067.506891 1099.525653 1096.046945 1107.622445 -9999.0 -9999.0
-9999.0 -9999.0 1110.574042 1100.600772 1047.556904 1180.107220 1666.845311 1657.580940 1669.977822 1669.715150 1713.344071 1559.419646 1266.900503 1338.984212 1193.375485 1073.484994 1031.711443 1030.833917 1015.192229 977.351901 931.940572 939.061911 976.709557 1026.345679 1073.143121 1069.463830 1072.741302 1095.032517 1113.812907 1093.831880 1086.711440 -9999.0 -9999.0
-9999.0 -9999.0 1137.126106 1091.170391 1001.596204 1058.441638 1270.306034 1249.116517 1247.860222 1502.892329 1548.780842 1515.133115 1509.818122 1343.105074 1173.868737 1154.997740 1057.438129 1044.184881 1008.898850 973.101672 949.673836 955.860937 987.967055 1029.803397 1073.247107 1091.444022 1097.699588 1106.993407 1116.095882 1101.856274 1102.482307 -9999.0 -9999.0
-9999.0 -9999.0 1297.502958 1169.395314 1061.962463 1036.099950 1109.921614 1111.514452 1175.019463 1378.943758 1396.051386 1348.622543 1305.446043 1295.389517 1036.311732 989.919802 1003.216388 1021.406948 1042.050131 1014.975715 975.653256 1016.411866 1013.991372 1046.129449 1072.555686 1098.684253 1103.927160 1109.501735 1109.753919 1094.342263 1084.584127 -9999.0 -9999.0
-9999.0 -9999.0 1130.461250 1110.444395 1065.711850 1062.232949 1105.333517 1114.177947 1195.250183 1313.993275 1188.329050 1160.111627 1126.266767 1102.187325 963.382946 930.190749 911.484426 881.515995 981.478858 1029.242161 1145.105643 1153.005349 1047.372951 1100.910033 1116.494862 1113.441863 1104.442450 1109.244884 1078.084783 1063.617778 1088.030864 -9999.0 -9999.0
-9999.0 -9999.0 1167.269864 1183.031424 1157.349970 1110.608757 1141.610861 1192.488135 1350.644352 1312.956473 1125.896947 1109.182634 1089.746901 1041.150919 1014.215273 979.496617 942.825960 963.420873 988.545758 1075.832258 1125.145571 1154.519010 1124.437702 1185.747382 1203.747788 1149.957444 1145.974768 1110.533219 1138.465343 1082.578625 1058.563391 -9999.0 -9999.0
-9999.0 -9999.0 1118.492664 1140.308896 1147.251587 1181.857232 1250.144325 1351.593286 1315.767989 1201.596102 940.994289 1023.704047 1054.765246 1043.136207 1019.552979 997.489684 977.280654 965.006517 970.598818 948.838630 932.394794 1007.144623 1104.511142 1134.827641 1144.504157 1105.369563 1111.018604 1103.050408 1103.216228 1050.017823 1065.616825 -9999.0 -9999.0
-9999.0 -9999.0 1039.216095 1100.856270 1135.840520 1346.712923 1339.427102 1310.266808 1274.622999 1170.103493 1000.827421 1027.924860 1018.960769 1026.793523 1014.069950 1016.645003 1032.928873 963.057000 824.951603 823.968174 805.296992 893.106356 954.706962 1022.702167 1037.354800 1042.651533 1017.527053 1023.181620 988.261539 984.185330 1002.001141 -9999.0 -9999.0
-9999.0 -9999.0 1088.917192 1161.329516 1139.795446 1337.071759 1336.802876 1308.582903 1171.431631 1056.862058 1022.668291 1017.163954 1009.731423 1003.908876 1000.498439 1028.205193 1029.833531 748.213532 720.089792 929.879927 924.435447 947.212268 982.444233 1009.347426 1018.328965 1009.069520 986.728539 963.987798 953.832549 955.762789 1004.736285 -9999.0 -9999.0
-9999.0 -9999.0 988.700620 1051.646257 1130.551481 1265.556823 1300.698491 1234.928821 1149.788505 1007.109701 961.906443 958.674002 983.812689 987.336856 971.178158 981.075017 956.617406 1011.038588 1113.315160 1013.985841 958.701705 971.712096 985.391870 1010.934958 1007.654132 1005.970051 978.885585 960.365244 929.665631 949.700098 972.918969 -9999.0 -9999.0
-9999.0 -9999.0 1042.499566 1039.288106 1051.765572 1112.400935 1106.429157 1106.619411 1052.928375 970.660452 944.783365 954.616977 973.607827 989.304804 1015.670727 1006.590049 1006.352629 1036.636318 1082.655556 1023.602105 994.032057 1004.318133 1025.678574 1041.177442 1043.629028 1040.234386 1020.726204 1005.541084 983.572402 977.452432 1013.749836 -9999.0 -9999.0
-9999.0 -9999.0 885.252412 909.778234 840.404098 930.111953 946.568792 912.131293 921.430566 928.914392 934.438654 947.862530 956.555216 999.301370 1029.314605 1046.084659 1073.820346 1035.287262 981.561903 1007.549965 1005.779097 1045.832739 1083.755159 1087.010139 1088.664833 1088.676470 1100.771934 1061.336061 1070.572105 1010.403834 990.899056 -9999.0 -9999.0
-9999.0 -9999.0 1037.514452 1032.963106 922.562106 868.715463 878.680609 844.270847 799.045486 763.575451 725.024186 923.814508 962.004987 1002.309270 1040.935157 1058.694881 1064.105836 1035.459463 1008.197982 1020.906176 1043.946963 1070.571841 1089.607927 1095.574795 1101.059605 1095.405283 1089.887833 1064.812373 1071.280701 1039.286289 1025.852466 -9999.0 -9999.0
-9999.0 -9999.0 1028.474264 1007.541368 971.156414 995.447245 946.274073 669.321447 611.451477 543.205087 460.159243 921.244612 958.802619 1000.300859 1031.791322 1052.730134 1052.702881 1039.625221 1037.179114 1045.174804 1084.436560 1102.363282 1119.902008 1105.847955 1100.285075 1073.870578 1049.342602 1033.979341 1003.102658 990.745223 992.720730 -9999.0 -9999.0
-9999.0 -9999.0 951.058236 1155.795765 1044.077483 1067.140345 1051.402166 948.670610 407.500845 320.604511 239.736843 912.946039 953.143297 991.987772 1024.625529 1039.085436 1035.966023 1025.614253 1023.249586 1034.226508 1064.872435 1099.107268 1105.797730 1100.365888 1066.278086 1038.279373 1023.371591 1019.155725 1015.532707 1004.041974 1014.821403 -9999.0 -9999.0
-9999.0 -9999.0 947.542027 1057.131852 1073.788695 1137.770545 1232.491012 1109.035269 979.481673 780.101768 0.000000 781.969065 928.430465 980.567906 1026.766407 1033.854198 1022.006773 1016.046896 987.514025 1016.581952 1026.842371 1058.047860 1078.424154 1057.934490 1017.462469 1011.802963 995.368560 1019.574777 1044.822148 1022.013766 1005.261967 -9999.0 -9999.0
-9999.0 -9999.0 989.862155 1056.798726 1106.859876 1154.620781 1205.517306 1139.254916 1052.108881 952.845368 787.973721 0.000000 838.913334 957.645070 1010.661905 1029.503755 1031.714587 1028.958840 1019.256310 1019.797892 1020.892289 1030.736857 1037.813359 1030.357155 1015.837593 1007.141981 1005.244233 1025.368488 1047.520903 1031.477271 1035.934039 -9999.0 -9999.0
-9999.0 -9999.0 960.296370 1017.598345 1100.418207 1136.750664 1203.292568 1123.878334 1035.102556 955.456179 813.687914 590.701876 565.992344 921.260640 1008.947903 1030.730564 1044.657003 1050.023712 1068.808382 1036.448511 1013.936145 1018.621149 1022.243318 1023.265250 1024.858978 1014.872936 1007.966315 1028.380196 1062.452772 1029.925370 999.258495 -9999.0 -9999.0
-9999.0 -9999.0 986.775092 1012.195384 1057.010774 1101.525883 1111.982358 1073.953045 991.186365 928.270272 745.173878 329.731318 313.091090 933.703345 997.268306 1024.104063 1037.494113 1045.524530 1048.954864 1028.545124 1010.048061 1004.700520 1006.796103 1010.067465 1016.955242 1018.846158 1014.952294 1012.961115 1016.411067 1004.319568 1005.873510 -9999.0 -9999.0
-9999.0 -9999.0 951.810980 963.362252 986.553507 1007.427965 979.531954 974.744482 933.822264 834.238182 184.973950 130.529377 918.253982 972.850413 1012.704136 1025.201345 1019.726465 1034.791855 1024.607683 1017.752160 997.059607 997.073220 989.529575 1004.700943 1004.883870 1021.071437 1034.201621 994.133708 956.849463 983.895030 980.605716 -9999.0 -9999.0
-9999.0 -9999.0 956.141940 946.796241 946.137308 948.569095 948.427488 947.471355 920.829270 0.000000 728.147830 923.507809 960.998996 987.354539 1010.213674 1027.325081 1036.424254 1037.194157 1024.463931 1014.451609 1005.418951 999.944478 998.763126 1003.842240 1010.672430 1017.733797 1012.073718 981.217031 961.681067 977.203838 1004.007084 -9999.0 -9999.0
-9999.0 -9999.0 932.557491 920.832376 904.591280 932.843195 956.357245 937.249568 917.708703 930.804738 946.891645 1016.018820 977.503218 991.929529 998.349829 1041.375491 1075.728909 1056.015339 1030.723746 1019.599019 1031.401455 1027.704414 1023.478691 1030.845313 1038.475505 1034.791555 1005.576688 980.046082 964.104327 979.627345 1000.578370 -9999.0 -9999.0
-9999.0 -9999.0 946.389136 926.519358 915.921143 922.675790 915.472311 120.257745 935.630909 951.746765 956.882381 968.144191 973.214125 1019.671886 1045.406675 1080.463689 1098.931083 1091.926839 1049.548187 1032.061700 1012.382487 985.673739 980.986817 988.733632 997.791589 1014.005201 1017.120867 1007.084475 966.539667 979.209214 1014.949010 -9999.0 -9999.0
-9999.0 -9999.0 925.063920 922.249509 921.219359 910.775123 128.502139 908.277201 937.966712 940.091375 942.754147 941.024771 967.567873 1095.075976 1120.993364 1164.271897 1195.078922 1167.370698 1036.586264 1011.853955 1000.811581 959.636649 953.185367 962.003851 984.347328 1000.716107 994.163604 985.854723 994.912422 977.457534 1007.115707 -9999.0 -9999.0
-9999.0 -9999.0 926.316434 915.186873 909.972680 831.525162 0.000000 827.220950 908.622180 909.578930 908.552731 903.590338 886.167458 851.294795 887.717194 1015.325593 1124.111489 1123.054806 1008.370956 983.564814 975.823242 925.460722 921.658658 925.327788 934.458599 973.160078 963.867586 957.338928 974.921374 1006.101745 1030.334345 -9999.0 -9999.0
-9999.0 -9999.0 918.540816 914.985237 883.239251 805.726385 731.436929 781.567270 806.970586 802.484492 788.138339 765.389738 727.163635 607.401353 593.593422 791.742013 952.191047 925.948455 918.705971 929.286450 917.222115 903.559041 882.895550 897.707586 909.139671 933.706358 862.009681 902.969834 925.718479 1004.407327 1072.911804 -9999.0 -9999.0
-9999.0 -9999.0 -9999.0 -9999.0 -9999.0 -9999.0 -9999.0 -9999.0 -9999.0 -9999.0 -9999.0 -9999.0 -9999.0 -9999.0 -9999.0 -9999.0 -9999.0 -9999.0 -9999.0 -9999.0 -9999.0 -9999.0 -9999.0 -9999.0 -9999.0 -9999.0 -9999.0 -9999.0 -9999.0 -9999.0 -9999.0 -9999.0 -9999.0