oms3_prj_geotop/oms3.prj.geotop/data/Panola_sim_52/output_maps/prof_falda0015.asc
ncols         33
nrows         53
xllcorner     0.000000
yllcorner     0.000000
cellsize      1.000000
NODATA_value  -9999.0
-9999.0 -9999.0 -9999.0 -9999.0 -9999.0 -9999.0 -9999.0 -9999.0 -9999.0 -9999.0 -9999.0 -9999.0 -9999.0 -9999.0 -9999.0 -9999.0 -9999.0 -9999.0 -9999.0 -9999.0 -9999.0 -9999.0 -9999.0 -9999.0 -9999.0 -9999.0 -9999.0 -9999.0 -9999.0 -9999.0 -9999.0 -9999.0 -9999.0
-9999.0 -9999.0 1309.162361 1295.880283 1278.401759 1273.631884 1301.220573 1300.693482 1281.527326 1271.954639 1250.559013 1243.429707 1239.106459 1228.707711 1231.616936 1212.815065 1203.538483 1202.143452 1207.582755 1232.978508 1237.861220 1255.919514 1259.308395 1259.945820 1260.825551 1265.453329 1285.777609 1272.532759 1252.236954 1218.732696 1198.721006 -9999.0 -9999.0
-9999.0 -9999.0 1262.129860 1110.318390 1238.015287 1257.907536 1295.930065 1287.023821 1255.449697 1236.808836 1219.284232 1210.859560 1204.470914 1197.004982 1188.477394 1158.737883 1139.254314 1135.723143 1147.027887 1164.309924 1179.836487 1197.254942 1201.389860 1192.364675 1186.129755 1193.786314 1210.567160 1241.806868 1231.583405 1204.704336 1175.911027 -9999.0 -9999.0
-9999.0 -9999.0 1181.777905 1193.566019 1215.050335 1254.339067 1303.961127 1278.179350 1248.050471 1215.330992 1213.335790 1195.201597 1201.869606 1189.956428 1201.818253 1145.606754 1108.474508 1115.902516 1120.549751 1140.173326 1163.581157 1169.492532 1200.666586 1155.340151 1145.424238 1152.589936 1151.129858 1221.258103 1295.301797 1172.647644 1118.197010 -9999.0 -9999.0
-9999.0 -9999.0 1158.244091 1160.821121 1177.440280 1210.517351 1247.056000 1223.245043 1192.888065 1172.326053 1164.082820 1157.633285 1157.652054 1156.450946 1153.772097 1130.557934 1110.640066 1108.058323 1111.772021 1123.572250 1131.536038 1125.025594 1115.416210 1109.871007 1114.547336 1120.816713 1132.980986 1152.584522 1169.444965 1135.218739 1114.282899 -9999.0 -9999.0
-9999.0 -9999.0 1141.418688 1141.367601 1148.186703 1163.564744 1187.463628 1165.186494 1142.744765 1134.197938 1128.479611 1128.813706 1127.783642 1130.058240 1131.661008 1115.733508 1114.859210 1052.721847 1088.503383 1108.042930 1140.030042 1100.975927 994.524755 1038.227957 1084.453230 1103.599791 1104.081083 1113.978984 1106.374040 1110.349158 1104.322520 -9999.0 -9999.0
-9999.0 -9999.0 1144.229543 1130.615702 1127.565850 1129.508783 1132.930047 1125.869020 1116.420659 1110.341228 1107.983727 1110.882817 1111.925876 1111.681190 1106.268971 312.629660 129.598645 0.000000 967.398995 1045.533810 1088.238856 1024.639306 967.819812 1001.952801 1037.053586 1076.176278 1103.269221 1106.121978 1103.977017 1104.970175 1103.528559 -9999.0 -9999.0
-9999.0 -9999.0 1128.407687 1117.424677 1112.504797 1110.818769 1110.735003 1104.832417 1089.897258 1072.612822 1064.352063 1100.879546 1102.461914 1103.238048 1086.943784 1009.533084 918.945101 915.802273 760.985088 965.518822 1050.205824 962.927444 905.221218 981.416529 1082.150751 1075.887858 1101.541962 1105.531541 1103.412403 1105.371889 1100.450720 -9999.0 -9999.0
-9999.0 -9999.0 1138.952716 1117.756681 1106.722282 1099.543272 1067.756135 1047.233099 1016.746116 1028.234111 1026.129170 1050.456444 1095.275617 1094.405464 1058.235039 1003.459670 948.839147 925.035788 913.168561 925.249449 938.965269 920.333376 915.788363 973.474536 1061.125331 1068.948197 1106.723570 1113.725564 1109.930589 1111.160205 1107.736277 -9999.0 -9999.0
-9999.0 -9999.0 1125.188680 1109.143413 1100.603975 1060.265468 969.160026 996.454287 958.428692 980.028405 955.439243 1026.931630 1092.529290 1081.871222 1060.614652 1005.777526 957.031227 934.990641 945.803487 904.100863 793.565095 911.332601 915.383846 1000.799959 1071.762754 1108.030800 1137.849054 1132.987692 1148.378161 1113.704942 1100.386709 -9999.0 -9999.0
-9999.0 -9999.0 1152.435071 1122.413786 1106.102583 1080.489644 1043.168959 1038.122192 1033.830806 1013.448659 1015.194770 1031.458812 1045.030371 1056.283008 1038.413697 996.233597 951.393342 914.696969 791.006407 0.000000 115.670754 947.637752 1009.823078 1050.606627 1083.283943 1108.808521 1119.098605 1119.913454 1119.265074 1110.711552 1104.833914 -9999.0 -9999.0
-9999.0 -9999.0 1126.005980 1113.737263 1108.425425 1109.343540 1129.807667 1108.150132 1102.388468 1089.185400 1087.099657 1049.483234 1001.179100 1016.316358 1024.570138 985.579537 946.074056 790.433125 0.000000 165.715694 937.982346 1031.661220 1223.499288 1123.514177 1110.770651 1106.278727 1102.997167 1104.622883 1101.740067 1102.055717 1095.537992 -9999.0 -9999.0
-9999.0 -9999.0 1154.182912 1130.597083 1125.903230 1135.020938 1150.888574 1137.508624 1122.446147 1112.439372 1107.210025 1088.430251 1028.293783 1035.679477 1006.358657 967.818795 930.633730 793.406789 364.373221 0.000000 913.070728 984.624968 1107.905668 1107.748668 1104.670449 1100.707328 1090.066097 1088.186739 1084.785115 1094.094431 1098.023796 -9999.0 -9999.0
-9999.0 -9999.0 1144.801585 1132.492768 1135.011345 1153.211522 1198.574180 1165.514602 1130.643695 1124.976818 1120.389936 1108.367333 1105.131793 1050.690577 990.540420 960.356286 918.879415 922.572293 915.445095 771.463918 768.188837 911.713902 966.069610 1064.395146 1086.760095 1084.548027 1050.256875 1069.528659 1063.256590 1080.670176 1066.092256 -9999.0 -9999.0
-9999.0 -9999.0 1181.997516 1142.533860 1141.487839 1159.678427 1180.659857 1171.681479 1145.038045 1137.067719 1128.158076 1112.445607 1100.554102 1022.629689 976.925369 958.538692 953.173118 971.974632 961.743963 922.154525 847.023543 906.663675 949.172268 1032.787653 1071.599315 1088.297224 1082.248372 1088.599645 1085.963467 1096.087999 1101.627104 -9999.0 -9999.0
-9999.0 -9999.0 1226.327674 1188.194534 1166.698903 1165.823786 1198.729867 1169.574898 1151.173248 1142.575281 1162.461480 1114.221062 1047.391804 1004.315772 944.776022 971.357191 1016.028471 1030.697601 1043.803304 980.306896 953.781587 904.954770 973.496746 1064.462727 1136.536268 1128.094560 1138.339415 1127.086413 1141.941168 1106.212207 1079.041329 -9999.0 -9999.0
-9999.0 -9999.0 1348.539691 1303.433454 1235.277509 1174.373953 1145.892752 1139.697294 1129.115174 1126.735624 1132.453614 1112.410307 1076.986194 1040.608980 994.281002 998.517673 1036.108803 1025.774840 1028.212298 980.651941 931.293024 901.287603 943.702174 1048.214446 1122.108888 1145.180754 1153.534641 1147.257819 1140.446896 1119.218298 1107.979746 -9999.0 -9999.0
-9999.0 -9999.0 1140.746895 1137.540745 1133.475691 1130.536172 1113.992714 1120.427322 1106.015801 1114.362911 1110.914457 1118.109141 1140.473041 1083.361272 1049.503497 1028.906939 1015.374283 1012.387186 996.256587 959.678115 910.284582 100.360820 910.360986 1023.261723 1116.964532 1142.705782 1169.120566 1144.798693 1130.838250 1113.413450 1100.171380 -9999.0 -9999.0
-9999.0 -9999.0 1173.991193 1125.639254 1149.565702 1147.323872 1141.043853 1130.735888 1117.573214 1112.193835 1116.165905 1120.397643 1128.753158 561.310800 1033.858213 1023.131743 997.314818 1016.144971 986.113279 943.401219 765.095860 0.000000 908.663413 1005.076780 1103.186013 1123.618636 1133.283542 1127.121752 1119.252132 1111.427645 1104.027531 -9999.0 -9999.0
-9999.0 -9999.0 1171.094069 1184.455492 1154.737917 1232.268379 1213.996086 1233.869097 1119.635932 1145.681807 1111.890221 1137.609346 1120.762916 1108.032293 1049.552513 1021.732639 996.699330 991.542638 1013.336303 926.346906 320.255260 703.050509 926.648353 1005.091708 1101.828103 1109.315535 1106.193688 1113.227132 1113.831733 1107.790607 1095.515797 -9999.0 -9999.0
-9999.0 -9999.0 1259.159689 1285.621892 1266.077533 1349.914760 1392.441620 1414.680006 1327.551939 1317.396378 1278.625536 1251.972039 1172.045229 1130.905803 1079.291836 1021.219607 994.225375 992.171034 981.899046 934.564295 777.361047 804.838704 925.941652 987.581369 1073.310703 1101.993659 1102.741277 1105.959156 1106.778077 1106.162217 1105.689081 -9999.0 -9999.0
-9999.0 -9999.0 1258.189214 1289.926076 1306.065245 1576.202534 2251.583257 1768.934977 1860.668745 1556.246391 1679.388941 1381.366552 1350.713803 1169.193595 1087.542091 1044.298403 989.376120 983.572987 986.934213 934.388136 833.875930 818.156138 911.576645 977.332551 1044.411561 1087.904224 1100.692482 1101.011841 1103.079071 1101.849009 1092.789343 -9999.0 -9999.0
-9999.0 -9999.0 1298.957560 1279.935631 1228.678431 1402.343129 1772.527272 1545.927998 1552.834704 1347.920798 1358.955836 1164.243492 1132.597249 1083.461051 1034.328429 1053.828770 992.721269 985.343923 974.792013 930.651502 845.319356 838.749690 917.923512 979.423410 1034.422903 1059.530075 1065.055680 1059.715893 1065.077134 1089.413469 1101.903807 -9999.0 -9999.0
-9999.0 -9999.0 1230.153762 1178.651661 1100.835690 1109.364541 908.592501 978.638127 786.888244 919.146563 713.708509 724.646085 951.037809 1025.583192 1180.386886 1175.392089 1049.404010 1003.991714 979.369538 939.792350 905.055210 770.153800 949.651115 998.843584 1059.354692 1044.871342 1028.916475 1016.919134 989.355142 1017.156302 1068.389256 -9999.0 -9999.0
-9999.0 -9999.0 1270.357831 1151.782587 984.601016 304.069858 0.000000 0.000000 0.000000 0.000000 0.000000 386.454281 784.981218 1017.544788 1183.213486 1165.853587 1058.536636 1005.254092 980.861553 951.832875 906.735749 832.108268 931.713614 991.944724 1024.926700 1018.151010 1009.169048 1017.553656 1024.957379 1041.621885 1101.678908 -9999.0 -9999.0
-9999.0 -9999.0 1235.590418 1132.656458 980.519526 949.028628 932.707089 0.000000 1332.191272 910.723243 1205.715310 1124.229626 1389.717913 1345.357396 1300.011872 1166.260630 991.438946 996.950439 1009.817144 971.700658 938.509694 725.674202 966.712078 992.354778 1000.719270 1002.704320 975.430944 1048.946998 1104.302396 1065.740721 1074.587544 -9999.0 -9999.0
-9999.0 -9999.0 1345.607973 1280.865014 1080.595953 1098.336937 1127.207751 1209.176052 1239.079533 1237.556091 1263.202232 1235.316800 1380.607891 1360.966966 1237.515206 1025.310606 976.457062 993.158453 990.892552 964.080712 920.786805 800.840444 946.011883 998.124598 1022.181661 1030.530759 1035.162183 1073.738348 1107.988302 1102.739241 1120.737510 -9999.0 -9999.0
-9999.0 -9999.0 1134.515781 1103.138420 1036.578567 1182.268885 1666.788043 1657.494871 1669.854922 1669.552341 1713.444278 1559.755381 1265.968675 1340.921805 1208.796554 1068.958656 1005.211821 1004.700899 987.814581 952.201890 913.458010 920.069612 960.797216 1003.012592 1056.744987 1072.829921 1084.841447 1104.352931 1132.920710 1105.451939 1101.183479 -9999.0 -9999.0
-9999.0 -9999.0 1172.346948 1105.604256 983.893311 1056.179989 1305.181077 1285.010978 1283.912949 1507.321549 1549.285920 1515.548082 1510.227785 1345.498281 1185.887902 1158.072773 1037.822689 1021.938287 981.308877 946.704348 926.861517 932.470249 965.363140 1006.227940 1052.703597 1067.338778 1083.562457 1118.963433 1134.428594 1110.691811 1112.537812 -9999.0 -9999.0
-9999.0 -9999.0 1313.518504 1220.425811 1056.587803 1029.006772 1131.989356 1137.718668 1227.863847 1384.078484 1396.797416 1349.355230 1306.062722 1295.929698 1042.183889 995.794281 993.254173 996.527326 1012.915752 989.012027 940.438042 985.327031 988.495476 1027.563074 1077.275581 1105.891537 1111.999422 1122.804744 1120.158056 1103.413750 1089.128474 -9999.0 -9999.0
-9999.0 -9999.0 1172.138202 1122.185507 1056.226978 1052.842316 1122.492308 1133.859490 1244.866552 1313.442706 1191.351032 1162.853818 1128.873640 1095.969386 967.624046 934.777727 914.978527 882.448970 858.372014 972.991596 1141.468068 1149.514160 1021.416122 1092.050683 1128.656966 1127.256391 1118.753731 1123.500298 1076.826301 1068.607376 1088.421269 -9999.0 -9999.0
-9999.0 -9999.0 1168.604599 1185.817292 1157.514605 1121.352457 1182.751467 1235.058072 1353.308383 1311.547481 1130.860931 1104.377984 1077.153838 1021.254520 993.899668 957.460166 916.590003 934.441816 959.441506 1069.653945 1123.725542 1153.219246 1135.220160 1188.151641 1211.081487 1166.324610 1175.655029 1121.290746 1164.489315 1077.097618 1054.075405 -9999.0 -9999.0
-9999.0 -9999.0 1120.539718 1144.086154 1148.395209 1197.899449 1278.806427 1354.757526 1316.512731 1183.043181 958.500253 1014.269867 1038.280683 1021.677817 995.295016 970.147636 947.255350 938.202985 973.203415 957.271682 936.156283 1010.961785 1107.942109 1137.281111 1148.407236 1113.444340 1118.105203 1107.245320 1106.240025 1053.891690 1069.943908 -9999.0 -9999.0
-9999.0 -9999.0 1024.374990 1102.791745 1136.404809 1347.633845 1339.598411 1317.332338 1239.102848 1167.914811 997.578417 1008.095689 992.205155 1002.758619 986.823773 983.647922 996.917461 934.527463 914.123801 866.212689 853.684328 924.000695 960.751503 1002.914655 1018.262375 1026.373464 994.844801 1011.613559 987.941090 978.580887 996.706711 -9999.0 -9999.0
-9999.0 -9999.0 1087.672828 1170.603003 1144.149945 1338.369147 1337.454917 1315.668108 1173.581776 1040.801808 1006.820720 996.159834 987.172454 978.440741 969.486569 969.107900 940.869491 868.289616 854.881766 831.787857 915.138736 923.207861 958.868215 986.408701 996.612832 989.635046 966.441828 955.116435 942.593516 943.375908 994.200303 -9999.0 -9999.0
-9999.0 -9999.0 977.193036 1056.012410 1131.106508 1266.918722 1303.521027 1241.779928 1150.563288 998.137105 951.104858 934.512160 960.054206 959.753957 930.016412 634.574758 598.993127 688.905737 1042.842697 999.519652 949.143627 965.152957 981.580967 1009.463433 1005.708202 982.490027 954.653215 949.749556 916.109786 935.993484 959.708144 -9999.0 -9999.0
-9999.0 -9999.0 1047.709256 1057.207652 1051.435840 1110.652573 1109.667660 1105.275969 1051.179810 963.306144 935.801101 937.693940 948.408902 961.534369 984.648079 952.484237 942.282069 988.779468 1045.541419 1009.489295 987.411203 1001.876702 1026.602973 1044.054674 1045.612222 1039.070373 996.301986 982.137845 974.084628 965.826568 1001.678176 -9999.0 -9999.0
-9999.0 -9999.0 870.774564 894.976913 825.535987 927.011511 945.615839 911.593526 938.612102 948.310339 954.532625 933.847178 945.156328 969.041096 993.269926 1007.999519 1052.347485 1018.269448 967.392105 979.581622 996.968354 1044.223451 1086.143397 1089.932311 1087.354852 1089.622340 1082.160531 1037.853854 1061.609118 987.915512 967.418001 -9999.0 -9999.0
-9999.0 -9999.0 1027.874275 1021.105244 807.806570 802.381126 911.369530 889.129388 905.313918 905.580168 866.372019 853.150887 946.791978 987.353760 1027.449419 1047.052178 1054.205858 1024.689188 980.383990 353.530381 1013.685153 1061.834710 1090.280421 1095.193744 1102.500685 1098.587058 1070.599518 1044.132200 1053.509254 1017.562816 1000.997530 -9999.0 -9999.0
-9999.0 -9999.0 1036.429748 1017.580761 978.816603 1012.698157 972.590739 713.917043 769.094631 710.041149 738.832639 794.037170 934.536619 980.758696 1017.491247 1042.796335 1045.832279 1033.753377 1026.791726 1016.294312 1075.963154 1105.097717 1133.053478 1112.000041 1103.370920 1078.686987 1049.139038 1010.941592 972.023485 956.968092 965.580817 -9999.0 -9999.0
-9999.0 -9999.0 945.319101 1172.492280 1054.792283 1082.004345 1070.122228 950.216408 736.970322 704.026097 702.539071 639.990783 921.076505 967.571353 1007.408889 1027.743801 1028.921158 1021.085602 1019.632811 1030.832875 1066.398989 1101.831541 1111.236655 1103.156533 1081.649730 1038.857490 1021.096468 1013.134531 987.298544 973.874823 985.874407 -9999.0 -9999.0
-9999.0 -9999.0 937.718435 1053.997596 1077.320842 1164.357450 1259.995367 1108.431720 963.643258 587.719830 508.785712 514.199856 822.084119 953.949549 1006.732317 1019.813734 1012.727346 1009.737883 983.445656 1015.289915 1029.880653 1073.680906 1090.128369 1070.013553 1013.953859 987.228158 984.892759 1012.137804 1036.263838 1012.746869 995.608193 -9999.0 -9999.0
-9999.0 -9999.0 973.560572 1028.125442 1109.181709 1181.502900 1233.632083 1145.713401 1021.754095 912.537286 339.696842 270.376765 762.565567 929.685041 981.282167 1001.438254 1005.816975 1005.476868 1013.062368 1016.349162 1019.184317 1031.250069 1037.802192 1025.187956 986.707863 359.782616 975.575672 1013.029349 1037.579495 1021.754299 1025.676370 -9999.0 -9999.0
-9999.0 -9999.0 931.602242 131.385903 1066.549856 1145.844193 1211.175771 1118.069713 997.547759 918.494222 0.000000 736.570880 732.693934 838.777319 971.842858 998.813617 1012.894684 1020.115561 1045.641608 1029.649023 1008.044349 1012.690370 1015.687731 1013.783755 996.903007 981.835688 990.873762 1015.184718 1049.811960 1017.392161 986.629032 -9999.0 -9999.0
-9999.0 -9999.0 937.440753 966.326068 1018.920677 1076.240945 1069.321019 144.440351 944.475411 834.372038 531.616974 694.760305 712.344295 901.458198 964.334599 989.017417 1021.775078 1033.394401 1038.549554 1019.316260 1000.181485 994.073738 995.243674 996.778735 988.253338 989.077435 998.734440 997.404111 1000.524233 988.360146 989.674130 -9999.0 -9999.0
-9999.0 -9999.0 0.000000 918.723324 946.491545 951.517949 118.187495 925.288337 821.980295 716.344740 471.730155 469.760139 501.290045 923.618202 970.994585 1002.092240 1003.595816 1021.383826 1012.438649 1004.856442 983.424737 982.243382 973.877786 977.413372 973.465691 988.732318 1014.129487 975.223241 938.884035 964.733203 961.585937 -9999.0 -9999.0
-9999.0 -9999.0 910.305225 910.989016 905.630710 911.760202 909.743839 908.065379 414.314530 187.928583 219.915273 539.900499 912.045072 948.072435 978.840380 1003.058160 1017.288136 1020.356731 1008.344092 986.352770 976.972058 971.259964 969.472874 971.203892 976.579024 983.512624 980.468190 959.308401 940.444928 954.972691 980.610412 -9999.0 -9999.0
-9999.0 -9999.0 877.664898 796.341473 101.939488 789.232321 904.471371 823.649627 553.372889 107.549824 0.000000 939.046851 933.031177 954.691842 968.350192 1015.937615 1053.256258 1023.520467 998.921472 986.678485 1003.848052 1000.367428 995.750691 1002.396816 1009.737236 1005.684509 971.922830 949.453891 934.094544 946.702754 963.966968 -9999.0 -9999.0
-9999.0 -9999.0 908.838239 729.858674 0.000000 133.157154 150.561426 157.627467 767.649568 0.000000 907.161125 922.205339 933.127548 978.817678 1006.627557 1052.063022 1074.779726 1066.757307 1021.824038 1003.227863 979.684445 945.957281 939.638829 946.616362 956.161792 980.378961 988.304024 979.456320 934.214424 942.680795 972.960282 -9999.0 -9999.0
-9999.0 -9999.0 829.361033 762.735794 0.000000 100.463788 142.025803 122.912270 782.891390 840.399049 901.842226 895.022935 927.125747 1075.942118 1087.842892 1150.521981 1184.156367 1158.438156 1005.539623 981.904937 970.006428 925.625781 918.996020 925.986405 946.807329 970.120224 967.793538 961.497108 968.822575 940.951130 963.045883 -9999.0 -9999.0
-9999.0 -9999.0 820.074218 758.494399 213.017065 0.000000 0.000000 0.000000 725.194454 753.963144 749.872726 128.538435 735.887645 778.654498 814.437903 942.349317 1056.679241 1064.912917 963.936219 943.089390 933.407110 841.614678 829.711685 837.304672 902.487022 939.034168 923.077864 919.488268 943.331133 975.700371 984.753448 -9999.0 -9999.0
-9999.0 -9999.0 796.528935 772.578854 723.480458 599.747695 182.530290 529.352251 705.489581 710.580356 707.260653 526.977734 521.734636 535.424869 519.143367 718.408761 878.580006 851.980729 790.400345 786.497475 757.840276 793.794862 777.871762 780.331822 815.560805 786.106489 697.463365 740.367776 788.809193 966.968097 1039.419442 -9999.0 -9999.0
-9999.0 -9999.0 -9999.0 -9999.0 -9999.0 -9999.0 -9999.0 -9999.0 -9999.0 -9999.0 -9999.0 -9999.0 -9999.0 -9999.0 -9999.0 -9999.0 -9999.0 -9999.0 -9999.0 -9999.0 -9999.0 -9999.0 -9999.0 -9999.0 -9999.0 -9999.0 -9999.0 -9999.0 -9999.0 -9999.0 -9999.0 -9999.0 -9999.0