oms3_prj_geotop/oms3.prj.geotop/data/Panola_sim_52/output_maps/prof_falda0012.asc
ncols         33
nrows         53
xllcorner     0.000000
yllcorner     0.000000
cellsize      1.000000
NODATA_value  -9999.0
-9999.0 -9999.0 -9999.0 -9999.0 -9999.0 -9999.0 -9999.0 -9999.0 -9999.0 -9999.0 -9999.0 -9999.0 -9999.0 -9999.0 -9999.0 -9999.0 -9999.0 -9999.0 -9999.0 -9999.0 -9999.0 -9999.0 -9999.0 -9999.0 -9999.0 -9999.0 -9999.0 -9999.0 -9999.0 -9999.0 -9999.0 -9999.0 -9999.0
-9999.0 -9999.0 1254.093099 1209.476910 1191.046974 1185.531206 1212.809583 1210.038053 1193.972170 1192.273759 1178.697500 1176.166060 1175.164064 1169.105414 1173.926256 1162.506139 1157.668761 1157.218048 1160.078417 1177.776665 1178.630132 1191.491949 1192.380925 1192.201779 1191.870867 1193.357211 1209.590307 1196.209079 1181.820385 1161.030212 1150.116159 -9999.0 -9999.0
-9999.0 -9999.0 1186.276928 1173.747178 1168.395177 1176.798937 1206.934850 1198.194967 1177.711833 1169.075414 1159.883308 1156.473389 1153.465065 1150.118237 1146.121258 1130.186469 1119.743634 1117.789263 1124.268002 1133.872110 1142.138101 1152.327137 1153.649722 1148.043616 1143.661325 1146.666679 1155.139196 1176.313773 1167.387525 1153.880822 1137.846338 -9999.0 -9999.0
-9999.0 -9999.0 1138.177190 1146.603590 1156.809594 1181.936716 1244.093082 1197.737389 1179.853183 1159.750079 1160.842704 1150.210816 1156.298540 1148.859735 1159.720015 1124.548637 1102.584604 1107.285934 1110.058799 1121.841230 1136.182486 1139.103900 1160.744725 1129.494078 1123.238597 1126.322585 1127.807727 1166.845000 1239.502887 1135.977840 1106.607358 -9999.0 -9999.0
-9999.0 -9999.0 1128.450899 1129.691118 1138.350116 1156.918678 1180.312467 1166.067310 1148.748039 1137.892932 1133.906324 1130.684344 1131.278720 1131.252452 1130.771876 1117.576412 1104.797185 1104.400827 1105.918732 1113.443363 1117.809028 1113.817772 1107.622420 1104.047508 1106.446333 1109.589027 1115.743468 1126.951302 1136.344833 1116.547291 1104.476667 -9999.0 -9999.0
-9999.0 -9999.0 1120.270422 1120.440514 1124.296620 1132.908374 1148.132551 1134.872214 1122.377029 1117.874629 1114.631912 1115.137588 1114.810787 1116.864538 1119.707634 1112.584402 1118.210340 1084.732901 1097.449710 1104.500689 1127.090013 1093.821553 1008.452534 1047.254954 1089.415189 1100.300021 1099.577288 1105.309403 1100.880080 1102.689738 1092.803647 -9999.0 -9999.0
-9999.0 -9999.0 1123.204960 1115.226112 1113.497405 1114.745270 1117.167941 1113.216993 1107.601947 1104.417238 1103.106677 1104.301089 1105.273109 1105.898401 1105.070308 1097.755025 948.047133 242.787623 997.559885 1049.034794 1084.185192 1015.599281 964.326390 994.819513 1050.675088 1080.119719 1092.446387 1100.740615 1095.024013 1097.561267 1085.528297 -9999.0 -9999.0
-9999.0 -9999.0 1113.992230 1107.639958 1104.843038 1103.538603 1103.785579 1100.434287 1087.450511 1077.824732 1073.573359 1090.597822 1096.333015 1099.970099 1078.170420 1034.184328 966.400135 939.267138 907.632397 975.483210 1055.364363 966.308878 910.124166 978.296739 1075.317424 1086.674625 1096.257013 1100.329528 1096.378996 1095.510306 1079.044213 -9999.0 -9999.0
-9999.0 -9999.0 1120.893966 1107.756050 1100.736273 1067.397758 1039.719133 1023.708090 1024.323917 1041.775671 1041.126051 1057.223628 1076.776175 1075.771827 1052.489267 1008.691553 960.719084 937.472122 924.847342 937.841182 952.960053 928.791522 921.929165 973.057078 1055.472473 1085.026993 1100.957597 1104.710906 1102.035823 1103.158808 1101.211437 -9999.0 -9999.0
-9999.0 -9999.0 1111.968595 1101.983237 1079.273643 1035.777589 956.127150 984.346278 976.325168 999.119142 977.985422 1044.841913 1086.785964 1075.236053 1059.054292 1011.010632 967.817555 949.037964 967.838755 925.805864 873.357879 923.200270 922.554591 1000.328911 1065.622989 1103.728824 1124.058137 1119.379243 1129.306322 1105.411357 1084.234725 -9999.0 -9999.0
-9999.0 -9999.0 1129.677318 1110.472862 1100.542402 1065.214217 1028.310438 1029.258919 1029.045413 1032.184815 1037.437779 1050.748803 1060.094415 1055.992200 1040.495108 1003.978452 964.732901 931.027273 916.425741 136.234849 925.798487 977.163422 1018.968528 1051.407240 1080.525978 1104.657632 1111.424819 1111.346735 1110.320004 1103.800990 1097.424737 -9999.0 -9999.0
-9999.0 -9999.0 1112.570370 1104.966121 1100.979143 1100.963808 1115.759013 1101.870113 1093.477541 1080.942168 1087.539682 1066.751424 1024.106239 1035.738364 1029.310131 995.237949 967.967123 911.291405 169.696656 904.235204 980.641529 1056.498300 1225.328342 1117.911883 1106.414189 1102.346348 1100.131033 1100.714177 1089.756742 1086.132204 1062.246179 -9999.0 -9999.0
-9999.0 -9999.0 1129.760050 1115.111881 1111.982158 1117.599665 1128.281353 1120.682439 1111.959436 1105.796595 1102.389718 1085.543387 1050.457642 1037.358594 1010.771524 977.380764 951.832822 913.656878 814.880384 893.675483 930.828582 998.936531 1108.806103 1105.553706 1101.643988 1087.492047 1065.914949 1061.345680 1056.867489 1065.397821 1074.886518 -9999.0 -9999.0
-9999.0 -9999.0 1122.711352 1115.866594 1117.395468 1128.244692 1161.229086 1138.495614 1116.797472 1113.641758 1111.545632 1104.158198 1102.416134 1046.489610 994.051979 969.081797 940.027656 937.046745 933.648595 906.491937 788.994821 921.626902 971.839606 1060.283251 1073.897955 1067.894174 1034.002349 1051.750814 1044.336835 1062.306344 1052.363074 -9999.0 -9999.0
-9999.0 -9999.0 1143.413559 1119.951341 1120.090869 1131.714253 1145.753969 1141.767666 1125.483002 1121.484690 1116.117336 1106.486792 1091.018525 1016.773163 980.222625 976.966149 979.527159 984.772234 976.468591 936.030989 906.599713 916.345301 956.735424 1033.083224 1065.918130 1079.797171 1071.136350 1076.521427 1072.579135 1090.576826 1091.444562 -9999.0 -9999.0
-9999.0 -9999.0 1176.536451 1146.551523 1132.244083 1133.963979 1159.075692 1140.116295 1129.563818 1124.684408 1140.685173 1107.746125 1030.637964 1000.035520 948.572087 993.352110 1041.830444 1043.084178 1057.665757 995.093016 969.422855 915.417464 983.486525 1068.048911 1128.127550 1117.849152 1124.463489 1115.224502 1126.151836 1100.145475 1065.415417 -9999.0 -9999.0
-9999.0 -9999.0 1318.546886 1262.552838 1180.823328 1140.082324 1124.368985 1121.493419 1115.636322 1114.559914 1119.583032 1106.293808 1065.546238 1040.115707 1011.805673 1021.968293 1057.127146 1049.972244 1042.483916 997.066819 948.563890 919.855869 958.445178 1056.047834 1117.286154 1131.498058 1135.257904 1130.148637 1125.574770 1110.234633 1102.423179 -9999.0 -9999.0
-9999.0 -9999.0 1116.371019 1116.354069 1115.565992 1114.530589 1104.857493 1109.228887 1100.801353 1106.385010 1105.118781 1109.097175 1127.547452 1099.644589 1070.691225 1049.862947 1038.258997 1038.206718 1011.338405 979.527122 934.872729 225.545593 931.238941 1036.828434 1114.126220 1130.840816 1148.968861 1129.183359 1119.222123 1106.554288 1090.233581 -9999.0 -9999.0
-9999.0 -9999.0 1138.009217 1109.556515 1124.160342 1121.411389 1117.605413 1112.373547 1106.474861 1103.302734 1106.622397 1109.691627 1122.533939 1106.583786 1085.656085 1046.637374 1023.656924 1040.154783 1013.781830 967.447698 918.227214 112.964413 933.397858 1020.291257 1103.154396 1117.474616 1123.171427 1117.630312 1111.576024 1105.528383 1099.444343 -9999.0 -9999.0
-9999.0 -9999.0 1132.542052 1139.384005 1122.693327 1180.628105 1161.176544 1179.336862 1107.137598 1123.730187 1101.558844 1117.493000 1111.382987 1106.527626 1068.223265 1040.798326 1018.703904 1020.491058 1043.941839 962.458362 536.801612 911.486231 947.333981 1017.723783 1102.045119 1106.833897 1103.806155 1108.283851 1108.070206 1103.331851 1079.457208 -9999.0 -9999.0
-9999.0 -9999.0 1190.977517 1214.923311 1202.550333 1315.760645 1337.394365 1353.871553 1306.144018 1300.925855 1217.878693 1212.469525 1149.743440 1120.079069 1091.790599 1039.489075 1014.764342 1015.572585 1009.459987 953.952793 912.071420 914.709848 939.949255 996.925831 1074.449733 1100.831602 1100.975458 1102.841587 1103.231974 1102.040016 1100.971880 -9999.0 -9999.0
-9999.0 -9999.0 1188.232269 1218.143505 1267.462067 1528.482093 2205.969784 1719.980030 1780.834415 1520.460362 1618.617993 1351.270864 1333.878887 1154.219870 1098.460447 1060.998802 1010.779446 1006.791004 1000.370129 948.741223 906.004440 897.328544 922.674313 986.321199 1046.276012 1079.149539 1091.459442 1092.219447 1100.048014 1091.727133 1076.143847 -9999.0 -9999.0
-9999.0 -9999.0 1240.162898 1229.029570 1182.022705 1356.629974 1738.692599 1523.855795 1534.874100 1332.510492 1357.074002 1167.142396 1134.910311 1092.326455 1052.362697 1075.083672 1021.238259 1009.674240 986.892105 943.218433 908.564389 905.059926 929.432733 988.822977 1038.181018 1057.076067 1053.533201 1043.631584 1043.859513 1067.062154 1092.609757 -9999.0 -9999.0
-9999.0 -9999.0 1183.303106 1152.827482 1100.173152 1116.599939 933.352061 1040.202609 906.913636 953.008541 749.313715 824.239825 976.283264 1041.339362 1174.660962 1178.344927 1072.122607 1027.795147 990.972949 952.037190 917.286741 825.550822 963.932320 1008.780318 1064.331842 1045.301433 1025.591209 1011.233834 982.927449 1007.267865 1056.942401 -9999.0 -9999.0
-9999.0 -9999.0 1232.907258 1136.621204 997.689938 932.099283 159.461610 302.172036 266.631668 257.834801 232.781279 530.606238 917.845709 1046.814244 1187.354956 1169.307271 1076.217536 1028.267619 1003.497784 964.347073 918.498172 903.256424 944.414847 1001.582555 1030.127110 1019.381801 1007.447975 1013.502000 1022.842030 1033.773789 1095.959586 -9999.0 -9999.0
-9999.0 -9999.0 1206.400738 1120.499646 983.757855 969.030323 976.355914 354.442378 1341.115578 1112.669149 1248.401401 1130.329525 1393.185306 1345.715247 1296.112413 1167.866346 1012.260691 1020.273344 1033.298509 984.361404 953.103362 792.840476 981.026666 1001.308052 1005.162023 1003.204356 973.558557 1043.528833 1101.948457 1063.360455 1061.575149 -9999.0 -9999.0
-9999.0 -9999.0 1324.098346 1259.631843 1084.678552 1102.829716 1131.415779 1245.818007 1275.976039 1274.244594 1325.506047 1303.016858 1385.272103 1360.387045 1227.559912 1033.812979 995.943595 1016.492924 1014.066393 975.936691 933.220343 908.832758 958.044093 1006.042159 1025.687445 1029.171011 1030.499333 1074.897251 1103.013954 1100.777710 1112.498930 -9999.0 -9999.0
-9999.0 -9999.0 1118.984656 1102.032772 1050.254971 1184.262608 1666.803924 1657.521848 1669.894973 1669.603726 1713.461591 1560.126528 1269.717630 1340.522011 1202.237231 1080.874952 1030.455041 1027.944224 1009.966321 970.546100 924.312603 931.428168 970.498202 1023.236823 1073.521081 1073.227448 1078.992802 1100.134917 1120.897585 1100.833073 1094.988989 -9999.0 -9999.0
-9999.0 -9999.0 1151.016263 1101.307889 1002.659279 1066.418516 1295.401138 1274.250959 1273.086772 1504.600440 1549.099572 1515.391402 1510.096270 1344.587843 1181.421728 1158.421068 1057.335427 1041.869476 1004.173619 967.121766 943.322682 950.097817 983.830515 1027.970694 1074.186168 1088.497518 1099.621030 1111.575830 1123.035607 1105.293761 1106.499570 -9999.0 -9999.0
-9999.0 -9999.0 1304.642469 1191.997521 1069.368519 1042.439711 1117.724949 1122.167865 1199.169040 1381.298380 1396.756374 1349.322076 1306.085053 1295.790058 1045.753936 999.376692 1005.251315 1015.541446 1037.369812 1010.105642 967.298534 1011.395976 1010.721891 1043.454215 1076.927564 1102.448277 1108.234042 1115.655930 1114.273914 1101.679983 1100.209394 -9999.0 -9999.0
-9999.0 -9999.0 1145.332771 1114.645468 1071.161814 1066.759346 1111.337127 1122.634760 1218.498104 1314.095408 1191.991443 1163.813902 1130.009735 1101.650146 971.871861 936.093605 907.041084 875.797548 955.953193 1021.013199 1144.629610 1152.736142 1047.688724 1101.866326 1122.743860 1120.030467 1111.355974 1116.063681 1084.458137 1075.593918 1099.386866 -9999.0 -9999.0
-9999.0 -9999.0 1169.082356 1185.546325 1158.762044 1115.553525 1157.213812 1211.843041 1351.758270 1310.421132 1129.944659 1107.579980 1091.149990 1041.764008 1014.354272 977.497183 937.319045 955.247529 982.572930 1075.123352 1125.738191 1155.208670 1129.341895 1189.297237 1208.499411 1158.115981 1160.107059 1116.285005 1149.290248 1087.650688 1062.920275 -9999.0 -9999.0
-9999.0 -9999.0 1120.209272 1143.042293 1148.225340 1190.208078 1264.636803 1353.125611 1314.283564 1178.035036 954.313769 1027.275342 1056.423126 1043.158628 1017.837097 993.685960 971.079694 957.301404 970.531375 955.796155 936.087659 1010.950796 1107.650731 1137.129155 1147.549859 1109.575771 1114.694774 1105.023161 1104.386028 1051.872777 1067.393508 -9999.0 -9999.0
-9999.0 -9999.0 1041.790162 1102.999950 1138.152802 1346.887255 1339.062285 1316.877430 1227.408761 1170.200479 1004.828817 1027.408981 1016.503919 1025.139237 1011.048381 1011.505654 1022.451064 947.661700 817.495944 825.576429 813.235055 902.757923 962.306196 1021.299187 1036.918115 1044.487835 1015.612319 1025.343670 987.983752 981.305880 999.206416 -9999.0 -9999.0
-9999.0 -9999.0 1096.833552 1167.492407 1143.872105 1337.808359 1336.944674 1316.524267 1175.091960 1057.107863 1022.933554 1015.269428 1007.832230 1001.028410 996.598046 1022.509930 1003.125804 713.959092 702.019786 922.311995 920.251554 944.245151 980.019435 1007.701621 1017.248763 1008.090874 984.219476 960.325085 948.753440 950.130675 999.751592 -9999.0 -9999.0
-9999.0 -9999.0 992.086759 1063.544205 1132.754668 1267.229018 1304.051032 1242.410595 1153.973962 1013.265884 963.114012 952.979721 980.550522 983.514665 966.605780 972.105771 938.662586 932.155871 1108.980326 1009.264647 954.235854 968.678829 983.778793 1010.830219 1007.798042 1004.430952 975.742269 956.100663 924.050127 943.684832 967.030672 -9999.0 -9999.0
-9999.0 -9999.0 1056.645923 1058.858805 1053.159559 1111.496514 1110.532869 1105.651545 1051.946931 975.787880 949.122354 954.787249 970.137281 985.351975 1011.678249 1002.160708 1000.336175 1027.545926 1077.285376 1020.500679 991.846778 1003.535222 1026.500011 1042.981688 1045.220352 1041.082120 1016.575875 1002.758684 979.951712 972.701859 1008.829766 -9999.0 -9999.0
-9999.0 -9999.0 881.649111 906.362511 836.422443 927.300155 945.599466 910.825096 919.126835 927.910010 938.324686 948.742267 952.161184 994.594260 1024.603387 1042.541688 1071.182536 1032.741894 979.335384 1006.124979 1005.643375 1046.806792 1085.842788 1089.136938 1088.337222 1090.793214 1101.534144 1060.559231 1068.931893 1007.171627 986.858733 -9999.0 -9999.0
-9999.0 -9999.0 1045.550855 1041.963493 923.314148 859.902652 876.900621 842.752847 799.432333 765.114896 727.279594 919.888961 955.671115 996.594892 1036.930306 1056.218801 1062.660330 1034.694474 1007.633184 1008.466370 1044.899198 1069.629922 1091.073448 1095.947172 1101.744744 1099.207680 1094.595379 1065.083999 1070.415711 1036.962694 1022.460353 -9999.0 -9999.0
-9999.0 -9999.0 1032.270731 1012.516919 975.414507 1004.373717 955.181190 671.007884 613.119345 545.116792 461.904896 910.544104 948.883365 992.314218 1026.450133 1049.696786 1051.314546 1039.242017 1037.508826 1046.469341 1086.808969 1103.839752 1125.438286 1108.420434 1101.639096 1077.504918 1051.514823 1032.711230 997.743803 983.675397 988.625229 -9999.0 -9999.0
-9999.0 -9999.0 947.871996 1163.079390 1048.686061 1073.495863 1057.842342 943.845507 409.584242 322.447909 240.899552 847.381598 940.403073 982.010449 1017.889114 1035.166601 1034.031441 1024.799811 1023.205888 1035.498129 1067.510527 1100.744771 1108.124331 1101.531409 1075.579536 1040.879854 1023.672476 1018.074804 1012.337666 1000.020820 1010.810380 -9999.0 -9999.0
-9999.0 -9999.0 943.112236 1056.856599 1075.263234 1148.395320 1246.862059 1108.561989 966.166393 745.402105 0.000000 742.042267 916.114421 969.769690 1019.013001 1029.045794 1019.374048 1014.549972 986.399690 1016.743148 1028.709423 1066.535232 1084.757382 1065.590108 1019.610637 1011.456808 993.763002 1017.730316 1042.496120 1019.192979 1002.093228 -9999.0 -9999.0
-9999.0 -9999.0 984.754035 1054.068847 1108.189266 1166.924382 1221.432491 1143.122107 1037.937169 934.974662 745.293620 0.000000 807.922194 949.522803 1003.520498 1024.076323 1028.067158 1026.539433 1018.148107 1019.094306 1020.618343 1031.410232 1038.704764 1030.796520 1014.636813 998.823284 1002.543478 1022.600471 1044.465348 1028.143530 1032.261591 -9999.0 -9999.0
-9999.0 -9999.0 953.026236 1012.014595 1100.086899 1142.326407 1212.057182 1123.845504 1020.307050 939.863412 783.668810 742.095652 713.730148 918.600386 1001.284350 1024.718440 1039.926605 1046.574572 1066.265120 1034.778851 1012.001358 1016.588460 1020.165591 1020.956348 1021.741279 1011.474830 1004.207960 1024.294241 1057.963332 1025.274796 994.456196 -9999.0 -9999.0
-9999.0 -9999.0 976.444771 1002.745342 1047.171992 1099.948124 1110.104849 1060.803854 975.515848 915.186167 739.965982 635.130790 637.273092 928.124237 989.608610 1016.724257 1032.671736 1042.174997 1046.125393 1025.629239 1006.549966 1000.740246 1002.590753 1005.791112 1012.174123 1013.916970 1009.767514 1007.217844 1010.206763 998.055992 999.527067 -9999.0 -9999.0
-9999.0 -9999.0 912.543269 951.341301 973.503136 990.200341 966.324701 959.796517 919.548712 784.011168 381.160352 384.079593 901.741242 961.230354 1001.666819 1016.873677 1014.202543 1030.522287 1020.759550 1013.519583 992.242228 991.675876 983.872282 998.907469 998.771502 1014.559582 1027.139501 986.712492 949.423370 976.125526 973.034404 -9999.0 -9999.0
-9999.0 -9999.0 942.675535 933.606534 930.621734 934.661260 934.270837 931.523867 904.801171 113.399186 121.657449 881.701248 942.924754 971.949930 997.910567 1018.282572 1029.907961 1031.985189 1019.532419 1008.985037 999.712052 993.819398 992.310346 997.005546 1003.596625 1010.254183 1003.959405 972.578678 953.058017 968.321277 994.875056 -9999.0 -9999.0
-9999.0 -9999.0 920.215321 908.516638 241.510460 917.086218 936.971954 917.661889 550.127919 910.404623 919.800845 987.105214 959.019877 976.763936 986.566574 1032.305394 1068.667299 1050.049525 1024.827127 1013.332559 1026.508433 1022.491783 1017.990063 1025.282742 1032.934283 1028.989930 996.983936 971.304474 955.191367 970.214814 990.721204 -9999.0 -9999.0
-9999.0 -9999.0 931.154378 911.941871 114.961099 905.361236 803.171274 288.507258 915.163179 931.675998 936.810070 948.574637 956.302128 1006.913946 1034.846711 1075.742360 1096.118114 1089.323427 1045.410309 1026.806342 1005.495398 974.870789 969.142937 977.117348 987.138925 1006.401718 1010.434060 1000.466686 957.346128 968.875014 1003.532351 -9999.0 -9999.0
-9999.0 -9999.0 912.188376 909.208136 905.064068 140.324773 186.515315 701.995905 917.173438 922.130896 925.370575 924.563450 951.077216 1095.400420 1116.419513 1160.619469 1192.891003 1166.128453 1031.038415 1005.225834 992.871575 948.631231 941.462171 949.664162 971.866948 992.436492 986.705017 978.474189 988.090914 967.198739 995.157682 -9999.0 -9999.0
-9999.0 -9999.0 912.390251 902.066512 847.767746 757.038734 0.000000 0.000000 821.047420 852.429215 849.744329 753.586260 817.975654 836.542013 872.897682 1000.663941 1112.590942 1116.296502 998.849389 974.745254 966.020446 915.381299 911.088797 914.436730 923.206093 965.365402 951.569978 946.804961 967.939991 998.465217 1018.228989 -9999.0 -9999.0
-9999.0 -9999.0 904.639821 891.399517 794.609831 747.067233 703.405174 728.908076 750.569917 752.413386 745.266939 731.011745 707.641099 592.834110 578.571376 777.153199 938.263379 912.726993 869.742016 866.120717 838.053551 870.107321 845.987910 858.294231 896.044085 905.216361 814.556824 855.344806 905.120809 995.027610 1063.766171 -9999.0 -9999.0
-9999.0 -9999.0 -9999.0 -9999.0 -9999.0 -9999.0 -9999.0 -9999.0 -9999.0 -9999.0 -9999.0 -9999.0 -9999.0 -9999.0 -9999.0 -9999.0 -9999.0 -9999.0 -9999.0 -9999.0 -9999.0 -9999.0 -9999.0 -9999.0 -9999.0 -9999.0 -9999.0 -9999.0 -9999.0 -9999.0 -9999.0 -9999.0 -9999.0