oms3_prj_geotop/oms3.prj.geotop/data/Panola_sim_52/output_maps/prof_falda0017.asc
ncols         33
nrows         53
xllcorner     0.000000
yllcorner     0.000000
cellsize      1.000000
NODATA_value  -9999.0
-9999.0 -9999.0 -9999.0 -9999.0 -9999.0 -9999.0 -9999.0 -9999.0 -9999.0 -9999.0 -9999.0 -9999.0 -9999.0 -9999.0 -9999.0 -9999.0 -9999.0 -9999.0 -9999.0 -9999.0 -9999.0 -9999.0 -9999.0 -9999.0 -9999.0 -9999.0 -9999.0 -9999.0 -9999.0 -9999.0 -9999.0 -9999.0 -9999.0
-9999.0 -9999.0 1322.624361 1296.659447 1304.915659 1306.292548 1314.365793 1313.663780 1308.453102 1306.213700 1302.036697 1300.262457 1292.711651 1278.826242 1277.103337 1253.997027 1241.028016 1238.506912 1245.809056 1273.478404 1282.109091 1300.233987 1301.156138 1301.418817 1301.736127 1302.746951 1306.981128 1304.632151 1300.961881 1270.241583 1245.834242 -9999.0 -9999.0
-9999.0 -9999.0 1267.483045 267.464058 1257.692006 1301.946648 1310.752370 1309.312527 1303.614920 1300.049198 1276.359711 1262.876913 1252.994042 1241.738832 1228.330014 1187.430298 1158.625002 1153.421696 1169.322798 1193.688076 1215.658929 1237.655545 1244.493482 1234.536627 1228.172228 1237.902504 1257.382706 1293.155647 1279.520373 1251.089458 1214.608372 -9999.0 -9999.0
-9999.0 -9999.0 1216.105382 1208.682651 1257.099338 1300.893096 1317.834861 1306.418373 1301.110948 1268.205158 1258.743442 1237.569867 1241.685504 1226.895992 1234.254342 1164.793026 1112.214286 1122.956900 1129.079882 1156.998653 1188.049475 1196.881058 1230.330926 1180.066502 1167.520042 1177.344555 1147.695944 1260.678143 1306.597145 1206.949566 1130.752518 -9999.0 -9999.0
-9999.0 -9999.0 1187.650292 1190.078529 1215.901994 1259.525030 1298.725340 1275.533076 1237.046874 1207.152372 1194.112616 1184.277820 1182.884306 1179.537404 1172.958441 1139.926537 1114.237261 1109.702251 1115.459782 1131.539913 1143.230777 1134.617556 1120.701774 1112.645582 1119.450530 1129.192886 1148.130689 1177.305739 1201.632277 1153.936970 1123.429543 -9999.0 -9999.0
-9999.0 -9999.0 1162.776364 1162.469995 1172.538807 1194.505836 1223.259186 1195.408466 1163.386832 1149.937608 1141.085815 1141.414026 1139.503673 1140.728101 1138.400157 1111.917750 1109.928056 1027.938888 1070.234947 1109.542198 1148.379267 1100.877387 907.723865 952.058848 994.260119 984.043295 1106.416185 1121.244398 1111.226007 1116.834494 1108.127581 -9999.0 -9999.0
-9999.0 -9999.0 1163.913827 1145.310548 1141.184486 1144.025869 1148.348363 1137.576057 1123.097014 1112.931763 1108.986220 1115.643531 1116.630457 1115.008626 1089.423873 286.898708 353.059351 357.332849 436.666479 976.323948 1075.769575 937.067179 908.150355 974.721431 945.909291 977.576747 1104.060151 1109.891413 1106.628524 1108.447171 1106.254433 -9999.0 -9999.0
-9999.0 -9999.0 1141.820817 1126.358223 1119.301096 1117.160068 1116.818021 1107.606099 1013.963711 986.434979 975.473922 1083.390137 1103.589850 1103.894615 1038.927379 918.086035 721.825769 246.348866 118.413472 943.167452 1039.503943 958.786780 901.610605 944.446959 1065.921171 980.912728 996.794557 1105.140638 1002.005078 1110.053438 1102.453493 -9999.0 -9999.0
-9999.0 -9999.0 1154.982840 1126.581113 1111.385213 1100.803437 1072.739927 1041.824743 945.210817 987.107947 983.245029 970.519486 1073.747995 1074.433779 1022.951237 972.329688 921.450061 375.661638 313.873981 908.526481 928.147177 914.476059 906.900383 926.760301 1044.930957 975.568563 1106.023099 1119.601839 1115.051488 1117.786148 1113.078070 -9999.0 -9999.0
-9999.0 -9999.0 1137.310747 1115.073972 1101.814631 1038.339431 915.693811 961.401989 800.429513 947.268570 921.270313 946.279962 1077.066771 1070.869046 1048.872777 990.210628 934.985954 502.180282 921.264287 317.651451 756.715239 885.650510 306.502205 939.445182 1045.541547 1110.242500 1147.627095 1144.016475 1162.811470 1120.665629 1101.844713 -9999.0 -9999.0
-9999.0 -9999.0 1171.748555 1133.016739 1110.896081 1005.279952 976.365471 987.161204 985.713401 933.201197 932.562453 947.181605 968.995520 1041.460923 1028.867639 984.969011 934.672788 700.932067 391.332331 176.911899 184.997458 925.726328 981.763215 985.555878 1055.294956 1111.656574 1124.952432 1126.862840 1126.600486 1116.192780 1109.349887 -9999.0 -9999.0
-9999.0 -9999.0 1138.591626 1121.537192 1114.553144 1116.565472 1141.851252 1113.338081 1105.105486 1067.355697 1066.270728 965.949929 955.585150 944.123335 1013.784758 972.982393 904.050607 565.364300 292.948637 181.135405 527.193442 1004.796791 1214.739227 1125.878643 1113.547694 1108.756322 1105.125695 1107.672969 1104.025195 1104.721294 1078.788590 -9999.0 -9999.0
-9999.0 -9999.0 1176.056101 1145.140549 1138.931555 1151.340335 1171.036323 1152.551655 1131.431023 1117.643142 1109.895925 1067.172998 948.249759 1023.180067 997.683145 954.208048 792.357897 557.619368 173.140819 145.040993 203.118236 912.121434 1105.675836 1108.566071 1106.505539 1102.083104 1090.407944 1089.520446 1088.635040 1101.140362 1102.191293 -9999.0 -9999.0
-9999.0 -9999.0 1166.748595 1148.794696 1152.199152 1176.636916 1226.375908 1188.699444 1143.271066 1134.572441 1127.363824 1111.116691 1105.831456 1046.425848 982.871246 945.499694 760.004151 592.779715 356.954510 111.570573 726.679033 903.875990 938.408270 1023.611195 1065.582626 1079.492497 995.969677 1054.163182 1026.499256 1080.801010 1042.340411 -9999.0 -9999.0
-9999.0 -9999.0 1216.022217 1165.766213 1163.220325 1186.454907 1210.984166 1197.664108 1162.825594 1150.575078 1138.126513 1116.789017 1100.798166 1019.744006 968.649305 906.850121 792.491392 936.493992 902.564170 306.838180 797.177009 889.884466 906.558983 1028.537160 1035.310753 1070.538364 1049.435176 1073.438250 1054.794264 1089.493288 1104.510864 -9999.0 -9999.0
-9999.0 -9999.0 1261.685768 1218.039012 1200.011175 1196.534901 1229.922260 1195.478333 1170.350681 1158.028176 1178.347658 1119.187335 989.978590 991.786742 910.970886 907.860316 941.132653 997.330573 1024.740404 948.929143 940.842871 876.040690 957.018266 1059.985200 1141.482294 1135.807427 1149.054116 1137.037606 1154.277732 1111.414903 1040.406687 -9999.0 -9999.0
-9999.0 -9999.0 1379.576942 1312.076346 1271.179416 1205.635258 1167.092707 1156.838831 1141.176088 1137.271793 1142.784605 1116.754828 970.997195 1000.061691 925.227740 923.848930 990.570714 956.256412 1001.236887 965.700373 918.187493 828.177017 915.579571 1039.165592 1124.809338 1154.739023 1167.118597 1160.697909 1152.389220 1126.621386 1112.275887 -9999.0 -9999.0
-9999.0 -9999.0 1167.254678 1163.535367 1153.114827 1147.292105 1123.237457 1131.016417 1110.121674 1121.066848 1114.483662 1124.748314 1145.606980 1059.769639 972.705822 980.887378 972.054935 942.128635 973.664040 926.256900 721.839832 177.701986 504.188926 1002.968873 1117.889909 1150.705441 1182.502554 1156.930642 1140.207279 1118.782694 1058.830398 -9999.0 -9999.0
-9999.0 -9999.0 1208.276293 1144.147990 1175.563846 1174.067034 1165.070146 1149.266777 1127.533234 1119.850618 1123.972411 1128.234805 1128.414417 528.482328 943.614581 950.907164 951.933776 974.389026 925.354998 919.841790 385.685635 102.291093 253.352276 977.828238 1101.914256 1127.582554 1140.649923 1134.481559 1125.272271 1115.920514 1107.084018 -9999.0 -9999.0
-9999.0 -9999.0 1208.721468 1218.276299 1187.719682 1267.990032 1253.330797 1268.770373 1131.180040 1163.950447 1119.997903 1154.121357 1126.370903 1101.784490 965.098088 950.612396 933.846424 947.326515 963.382416 743.045403 524.000872 357.060327 903.565282 969.825775 1100.187623 1110.626787 1107.713130 1116.816664 1118.124034 1111.139517 1057.722051 -9999.0 -9999.0
-9999.0 -9999.0 1300.650325 1303.497217 1295.420234 1386.646219 1435.220542 1459.188777 1349.067590 1333.317567 1301.030988 1274.846873 1185.921203 1135.402506 1006.442034 949.632656 930.172964 933.533640 921.386074 913.894781 322.693199 338.533928 906.780847 951.902694 1056.993604 1102.046167 1103.223515 1107.781626 1109.189505 1108.852945 1108.948954 -9999.0 -9999.0
-9999.0 -9999.0 1285.069629 1305.965204 1317.749302 1620.511058 2255.300005 1816.779293 1901.575106 1589.013051 1701.652610 1402.670140 1360.991032 1172.566601 1045.697392 1002.633644 958.560468 923.332928 969.826733 916.404166 366.221875 171.211160 410.627354 958.026767 1033.217867 1078.040773 1101.170676 1101.845689 1105.055349 1103.514769 1053.221867 -9999.0 -9999.0
-9999.0 -9999.0 1307.743276 1304.426962 1273.350423 1438.556037 1807.594261 1563.823936 1567.723997 1358.055816 1360.393123 1154.089021 1124.795807 1031.986596 986.113049 995.855724 945.962851 922.199917 959.665827 912.202213 397.342877 369.707773 427.290274 953.382579 1020.164815 1046.231976 1057.802025 1052.488299 1062.338580 1089.543593 1104.309464 -9999.0 -9999.0
-9999.0 -9999.0 1285.380520 1211.764548 1101.490234 1102.080098 872.353757 957.459406 752.653723 905.765547 664.640349 356.838388 684.117852 964.115749 1166.529208 1164.150290 990.780118 936.592841 962.416755 919.032509 439.695755 358.511631 930.133658 979.892285 1050.768515 1029.585550 1008.735743 989.447185 940.588164 983.079458 1063.502417 -9999.0 -9999.0
-9999.0 -9999.0 1292.779870 1162.710650 968.218127 294.722872 128.217054 248.936471 212.653024 203.576386 178.518687 540.668631 552.775240 719.216674 1148.126507 1153.495184 1011.591200 938.288764 921.995577 933.193877 425.057440 406.762901 905.314753 974.146570 1011.225560 994.895003 994.031911 988.809080 989.501158 1013.407295 1103.903876 -9999.0 -9999.0
-9999.0 -9999.0 1251.833073 1140.674993 929.949842 392.815813 181.921261 149.442493 1226.362037 1118.950433 1170.487962 1137.301831 1380.384195 1339.774204 1289.969924 1152.116785 957.745415 931.037110 947.108797 956.191814 919.926065 349.894658 947.414626 962.368314 962.224642 971.117503 927.127954 1041.308873 1106.133695 1041.185794 1064.730738 -9999.0 -9999.0
-9999.0 -9999.0 1362.428320 1281.446946 1016.140317 1024.324146 974.150349 962.064547 990.304005 990.335936 1013.170271 987.211185 1337.503908 1356.634793 1225.624108 986.303702 944.506344 927.408184 928.765183 950.356785 907.137017 568.551789 928.666291 980.439575 990.685686 998.832591 989.015237 1061.444725 1111.408820 1104.472440 1126.790781 -9999.0 -9999.0
-9999.0 -9999.0 1145.844765 1032.056345 990.153478 1160.285289 1656.918088 1647.587513 1660.765775 1661.340191 1711.270074 1554.254234 1196.307989 1329.107248 1197.917291 1012.797819 953.471812 935.813923 928.059856 907.228395 700.714046 902.338664 946.556608 938.870263 988.365676 1038.792119 1055.670602 1106.734686 1141.211907 1108.562098 1102.338832 -9999.0 -9999.0
-9999.0 -9999.0 1184.760862 1104.230703 942.269826 1002.678702 1303.282967 1281.459889 1280.153726 1508.935903 1546.690332 1513.790579 1509.274681 1340.233724 1174.326321 1147.930452 988.403269 981.906388 919.858055 814.017124 793.777055 799.702872 912.394142 935.303775 968.641406 988.953333 1004.515938 1122.131735 1141.294675 1112.537527 1114.520532 -9999.0 -9999.0
-9999.0 -9999.0 1320.458018 1228.383037 978.870997 979.668666 1139.714271 1130.387344 1235.633291 1383.220180 1394.659603 1347.235852 1304.476203 1294.268345 1016.404310 970.001530 966.725760 966.242003 977.800013 955.790120 910.854958 947.511293 956.633073 952.983535 1057.361142 1100.314062 1058.676935 1115.388869 1118.896673 1052.024269 1001.648970 -9999.0 -9999.0
-9999.0 -9999.0 1188.607612 1125.796064 961.025081 975.614841 1129.026177 1121.698518 1240.702360 1314.113048 1184.613782 1156.250266 1122.140072 1082.891814 947.859815 924.822616 894.076856 861.955595 838.316347 802.503382 1134.258758 1141.698952 963.240933 1038.774473 1117.684633 1118.323777 1108.085960 1114.470573 1032.975550 1007.245688 1006.412592 -9999.0 -9999.0
-9999.0 -9999.0 1158.753404 1175.947506 1147.467714 1112.665938 1195.132818 1229.913738 1352.126730 1313.808176 1122.576175 1095.933631 1034.680178 974.745056 930.618109 902.766498 765.156164 793.357572 871.165941 1061.558059 1118.245716 1145.274444 1135.560655 1175.364451 1201.895485 1160.981760 1169.887856 1109.589176 1168.333676 999.436909 965.421249 -9999.0 -9999.0
-9999.0 -9999.0 1114.942293 1138.541183 1141.000814 1187.873627 1273.065083 1353.090342 1313.796295 1220.670291 942.453420 981.314887 992.876619 951.101630 926.791302 906.795782 787.878907 794.592478 956.581801 950.960649 930.273818 1004.717423 1102.786193 1130.673149 1141.477635 1107.347794 1112.717800 1105.710143 1106.956833 1046.927818 1060.848007 -9999.0 -9999.0
-9999.0 -9999.0 977.941709 1049.068897 1128.328880 1346.389810 1337.470918 1308.973035 1273.268665 1156.622266 967.825309 970.555842 949.508133 935.800523 920.476374 916.154994 932.156732 800.964923 907.631224 887.421381 874.351858 927.736882 945.835370 968.500449 977.848881 981.791861 956.066965 949.189047 982.113362 974.643948 992.435059 -9999.0 -9999.0
-9999.0 -9999.0 1038.589780 1157.750987 1134.176177 1336.889255 1335.946117 1306.251383 1158.097998 1008.980574 974.618936 964.452424 928.579251 916.731319 909.175351 901.509452 899.642119 881.837462 858.182240 755.108452 629.293555 770.946075 813.009987 920.476170 929.899948 929.934952 913.742614 946.724807 935.645397 936.872135 989.566935 -9999.0 -9999.0
-9999.0 -9999.0 942.694485 1007.987190 1124.867202 1263.134957 1298.836447 1234.518202 1141.821803 972.471528 936.958626 913.564118 905.139008 900.103239 739.387660 681.138540 636.299024 704.338931 970.658553 973.809023 910.590246 918.701115 973.400901 981.956641 990.271971 912.275979 806.703671 935.481936 599.302154 925.664693 951.340030 -9999.0 -9999.0
-9999.0 -9999.0 985.849558 1020.395069 1046.333455 1108.955184 1103.008158 1104.824098 1049.575973 949.486214 911.781920 806.420879 798.123978 873.985110 946.205149 527.276027 500.498254 955.417254 1017.783475 995.325139 923.959574 993.542141 959.061060 1016.964820 1008.157391 1020.596858 921.381634 918.378606 944.468433 944.831988 991.684808 -9999.0 -9999.0
-9999.0 -9999.0 854.540651 878.842314 809.623661 925.412438 941.603150 911.127905 938.291500 945.175785 944.452764 801.300998 930.669941 902.716176 942.640684 923.520594 1016.079987 982.682892 949.076770 960.455740 986.645499 1026.584327 1036.100666 1049.973576 1072.987692 1071.173205 1008.683046 957.533587 1041.759858 926.758025 910.481740 -9999.0 -9999.0
-9999.0 -9999.0 955.308236 951.363043 740.104033 767.140881 911.037177 886.568545 905.712107 904.634253 863.766409 776.513859 934.836778 974.253284 1012.286845 1028.346314 1030.814794 978.362284 911.441427 329.039147 996.812776 993.951448 1061.110568 1082.527530 1101.879775 1084.456744 989.911162 968.656942 1013.695022 981.130506 939.109634 -9999.0 -9999.0
-9999.0 -9999.0 1030.399830 1007.333346 947.107231 1000.959777 969.158350 713.365254 769.202517 709.555459 745.059414 751.571615 922.945634 969.475772 1005.665979 1031.088311 1033.640423 1019.539553 1006.561824 946.887197 1055.499617 1104.313395 1136.772635 1113.870298 1103.554232 1069.718553 1033.318448 938.848735 937.251607 924.096837 905.469967 -9999.0 -9999.0
-9999.0 -9999.0 922.765235 1174.463323 999.448108 1079.096736 971.937419 950.264596 739.134836 704.114108 701.788809 637.956504 907.032803 955.461749 995.358530 1016.504038 1018.723823 1010.884231 1010.041893 1015.074957 1037.760046 1100.920055 1112.696352 1103.263263 992.978700 1011.727316 1009.065248 997.594684 918.905185 907.504097 917.425565 -9999.0 -9999.0
-9999.0 -9999.0 929.273836 1043.313327 999.418866 1171.830517 1263.176778 1110.494026 966.113839 551.197241 503.996810 541.986014 666.459785 938.609187 992.057037 1004.840990 997.110372 996.178182 950.549362 997.991237 1026.210923 1072.730726 1088.473969 1066.021733 1004.910213 973.033368 941.717080 994.557408 1022.689643 999.028539 981.454544 -9999.0 -9999.0
-9999.0 -9999.0 953.524966 1002.495905 1106.301522 1184.488590 1232.802875 1144.218053 1007.615970 718.569470 510.846050 444.330208 759.794466 807.580955 926.717168 939.723220 940.562005 939.059661 987.774880 996.968994 983.915274 1026.465969 1001.566217 989.936037 967.232605 333.989004 921.284767 985.120973 1024.745520 1010.765576 1016.891136 -9999.0 -9999.0
-9999.0 -9999.0 254.242258 162.069694 1032.603174 1140.215171 1195.087501 904.421708 974.122664 706.041984 505.204871 750.637606 745.283990 771.746065 934.994446 933.976608 937.719666 941.403420 977.765016 1016.201305 974.827107 985.492146 994.842319 998.479880 937.071659 927.557135 961.779415 1002.309528 1040.637782 1008.303897 975.528730 -9999.0 -9999.0
-9999.0 -9999.0 915.244759 939.667171 992.032590 1041.135071 1005.607727 260.619489 900.778098 702.724170 509.422036 722.539670 726.100008 755.463631 909.450775 920.199950 1002.384511 1017.101313 1025.398292 1008.626752 988.029824 975.723198 983.246355 981.239097 926.635300 927.996365 982.257526 985.771920 991.619130 977.269979 980.053903 -9999.0 -9999.0
-9999.0 -9999.0 211.608158 902.344622 927.523104 925.691353 128.573090 200.487331 549.095822 530.371484 503.421163 532.865060 552.160268 569.054448 906.929192 982.387393 992.152827 999.964219 997.906010 991.245809 968.222123 967.868900 957.946734 922.835179 912.297660 925.574835 997.520484 963.024142 909.416878 952.498238 939.320558 -9999.0 -9999.0
-9999.0 -9999.0 129.725627 808.717384 821.991011 854.007992 788.998182 191.868922 323.572998 290.484875 303.748951 312.529973 552.874851 925.275767 960.296111 985.058418 980.593157 991.005850 989.005541 927.756395 919.206826 915.217483 913.942957 909.887720 912.853009 920.264559 926.568671 945.253148 919.845406 935.793420 965.392762 -9999.0 -9999.0
-9999.0 -9999.0 210.271128 307.098088 179.788146 732.500837 773.885854 739.581680 511.697178 180.708056 110.550482 901.176021 911.483283 935.468866 947.697948 995.523450 1030.186777 952.031872 932.863386 922.113365 969.932582 969.307161 965.762220 970.283681 975.608036 971.311114 916.850946 900.626281 801.972099 823.215991 909.495067 -9999.0 -9999.0
-9999.0 -9999.0 316.748646 253.314385 158.103042 213.217086 232.720687 254.487779 350.910101 0.000000 0.000000 388.666430 910.657436 921.994739 941.518667 999.670322 1022.373170 1012.153191 980.695608 968.413149 949.295427 919.150308 912.983617 918.321501 924.602343 949.002274 960.314689 954.231577 796.104193 802.002003 913.886639 -9999.0 -9999.0
-9999.0 -9999.0 275.199777 224.311930 173.395108 186.076994 197.258645 200.228201 713.033811 743.402823 757.719620 123.783934 903.769633 1013.606320 1025.539343 1131.238391 1168.510342 1143.812976 968.524774 956.074809 947.116530 798.032245 783.131388 794.602632 906.133246 949.360331 948.223814 943.586648 949.219675 803.200794 902.090763 -9999.0 -9999.0
-9999.0 -9999.0 275.897025 214.306884 133.987343 112.213792 137.259166 122.956375 683.430929 718.394477 713.797303 118.047657 356.248454 717.317504 752.328551 880.535477 995.798321 1004.357029 933.101591 919.909413 911.491941 759.707229 755.734305 757.442506 767.792179 913.339650 868.103300 863.286746 920.395210 952.683828 919.938607 -9999.0 -9999.0
-9999.0 -9999.0 716.367404 716.372102 389.090306 255.011165 0.000000 0.000000 581.790198 635.656010 598.367859 0.000000 340.405204 473.935368 455.546947 656.242889 817.656897 792.041904 731.633533 729.354135 701.489300 731.687817 720.185645 729.176359 749.339862 707.122180 616.668802 660.301951 708.522350 938.932184 1008.242369 -9999.0 -9999.0
-9999.0 -9999.0 -9999.0 -9999.0 -9999.0 -9999.0 -9999.0 -9999.0 -9999.0 -9999.0 -9999.0 -9999.0 -9999.0 -9999.0 -9999.0 -9999.0 -9999.0 -9999.0 -9999.0 -9999.0 -9999.0 -9999.0 -9999.0 -9999.0 -9999.0 -9999.0 -9999.0 -9999.0 -9999.0 -9999.0 -9999.0 -9999.0 -9999.0