oms3_prj_geotop/oms3.prj.geotop/data/Panola_sim_52/output_maps/prof_falda0001.asc
ncols         33
nrows         53
xllcorner     0.000000
yllcorner     0.000000
cellsize      1.000000
NODATA_value  -9999.0
-9999.0 -9999.0 -9999.0 -9999.0 -9999.0 -9999.0 -9999.0 -9999.0 -9999.0 -9999.0 -9999.0 -9999.0 -9999.0 -9999.0 -9999.0 -9999.0 -9999.0 -9999.0 -9999.0 -9999.0 -9999.0 -9999.0 -9999.0 -9999.0 -9999.0 -9999.0 -9999.0 -9999.0 -9999.0 -9999.0 -9999.0 -9999.0 -9999.0
-9999.0 -9999.0 1036.199613 1023.381308 1018.681482 1015.361629 1022.771631 1023.572094 1021.623842 1024.460178 1021.961877 1022.808966 1023.815495 1022.712930 1027.607851 1026.954112 1028.137818 1027.431666 1025.242645 1028.819051 1024.785467 1027.299768 1026.529801 1027.211720 1027.268361 1026.077594 1029.973402 1022.989379 1020.151249 1016.626632 1015.928613 -9999.0 -9999.0
-9999.0 -9999.0 1022.784157 1018.179757 1015.132474 1015.491564 1023.311284 1023.270276 1019.997429 1020.226326 1018.642395 1019.041442 1018.960007 1019.315332 1020.522039 1016.639492 1012.663981 1010.401621 1013.059676 1015.204277 1016.233885 1019.508864 1019.613163 1018.289925 1016.142434 1016.518309 1016.782247 1022.458364 1018.459367 1019.894015 1017.459974 -9999.0 -9999.0
-9999.0 -9999.0 1012.792268 1016.636437 1018.921959 1024.917510 1046.252658 1031.728861 1030.480913 1025.537862 1029.493800 1025.271718 1029.741503 1027.377305 1037.976688 1022.957271 1001.078833 1010.179229 1013.263061 1019.102514 1026.248126 1028.383162 1044.904052 1025.254085 1018.586669 1019.240485 1020.187721 1031.650585 1066.701411 1022.596333 1001.181806 -9999.0 -9999.0
-9999.0 -9999.0 1015.803487 1016.315530 1020.238713 1027.543119 1036.960093 1034.084662 1030.654622 1028.000930 1028.025144 1026.870175 1028.262370 1029.450911 1032.331458 1026.405928 1017.608163 1019.091084 1020.978220 1026.598878 1029.687276 1031.030015 1033.990590 1023.153365 1019.733389 1019.362425 1024.111409 1028.026155 1036.918176 1022.136627 1009.950852 -9999.0 -9999.0
-9999.0 -9999.0 1016.607846 1017.793525 1021.576960 1028.055879 1038.926995 1034.253819 1028.597012 1027.676372 1027.146690 1027.307214 1027.350364 1030.932239 1037.691408 1036.771274 1056.118538 1035.835646 1036.630626 1038.903578 1065.883236 1033.160682 1005.500417 1017.832160 1022.101221 1016.469991 1006.375127 1015.926138 1006.089007 1013.134209 1007.046686 -9999.0 -9999.0
-9999.0 -9999.0 1025.115431 1020.378695 1022.119312 1026.832252 1032.816134 1032.367124 1028.113030 1026.377482 1025.769441 1025.371428 1026.955089 1030.017775 1035.135841 1037.312109 1044.187592 1030.601256 1034.873653 1037.566216 1046.661073 1026.870931 1009.804466 1012.642157 1019.004814 1016.997540 1011.668796 1011.533132 1008.164630 1011.133838 1010.827128 -9999.0 -9999.0
-9999.0 -9999.0 1020.507690 1017.212294 1019.018531 1024.909071 1033.065691 1028.517605 1026.657705 1024.258318 1021.720862 1023.545432 1023.453392 1028.946925 1030.153692 1031.165811 1012.769549 1013.672211 989.752050 1028.928651 1077.411224 1022.865548 987.599397 1014.371817 1036.624903 1022.972416 1018.358615 1017.164193 1015.135914 1015.278603 1009.849234 -9999.0 -9999.0
-9999.0 -9999.0 1029.932708 1021.905042 1018.813464 1016.405189 1018.222109 1014.765462 1016.913390 1023.124342 1022.209558 1021.289867 1025.281627 1029.803732 1030.349747 1026.863494 1016.143623 1011.076308 1001.566807 1017.712084 1033.513736 1005.820344 993.086383 1007.900431 1025.568172 1026.742227 1025.797838 1026.008019 1022.527216 1022.963545 1021.551250 -9999.0 -9999.0
-9999.0 -9999.0 1021.324124 1014.374660 1011.808143 1008.802940 985.263856 999.756520 995.248560 1009.463513 1006.553951 1020.751949 1038.136690 1036.175008 1040.789802 1032.770927 1024.228572 1023.908077 1049.426684 1017.088345 984.355039 995.847947 983.095762 1010.127014 1021.128172 1031.424877 1044.843462 1037.933121 1049.724091 1028.081392 1012.384404 -9999.0 -9999.0
-9999.0 -9999.0 1035.918741 1023.800527 1016.307686 1009.022333 1002.220414 1005.066917 1005.732374 1010.370675 1014.618911 1022.176673 1032.317046 1033.688665 1037.335035 1034.547068 1029.510477 1024.037498 1030.026763 1009.349553 1001.598426 1015.287062 1014.772031 1021.734678 1024.366680 1030.006021 1036.908233 1036.810092 1038.051779 1031.096293 1026.420146 -9999.0 -9999.0
-9999.0 -9999.0 1018.206790 1012.699248 1012.039356 1016.944319 1035.029557 1022.819949 1023.175084 1021.666478 1030.026218 1027.900293 1020.869765 1029.554036 1038.421720 1035.456536 1035.588602 1015.831827 979.058338 1007.509166 1050.144096 1065.586523 1110.017168 1051.482492 1037.537088 1028.836343 1022.904767 1026.607104 1021.009996 1022.945782 1016.370652 -9999.0 -9999.0
-9999.0 -9999.0 1030.213135 1020.625426 1019.664263 1024.698647 1032.629974 1031.350563 1029.216998 1027.915551 1031.473216 1031.158025 1028.646632 1032.751657 1034.174769 1028.279711 1021.590654 1002.971037 985.941026 997.073155 1030.633771 1051.368758 1100.161245 1054.237621 1035.818249 1023.908165 1019.145308 1017.156845 1017.159835 1020.503641 1025.996113 -9999.0 -9999.0
-9999.0 -9999.0 1020.890049 1017.987510 1021.175639 1029.019580 1048.340084 1039.925507 1029.001100 1032.451717 1037.171010 1039.011584 1054.070497 1039.942883 1027.873242 1020.955057 1001.580620 1005.548269 1011.230883 998.295022 972.093484 1011.694334 1017.501452 1036.627795 1025.022366 1018.295298 1003.458732 1011.934130 1008.542850 1016.895233 1013.191194 -9999.0 -9999.0
-9999.0 -9999.0 1028.576692 1017.995345 1022.000210 1032.132283 1041.857501 1043.701231 1037.510320 1039.150611 1041.837422 1043.852066 1043.896487 1029.363823 1021.403041 1014.110204 1011.576421 1016.911181 1018.923325 1005.641744 989.586189 1002.000686 1013.541073 1029.552639 1028.808390 1024.431687 1015.850594 1018.397283 1016.616737 1023.239488 1027.078071 -9999.0 -9999.0
-9999.0 -9999.0 1035.490580 1032.683002 1032.778612 1038.071433 1057.746242 1049.715960 1046.562214 1045.701946 1065.433850 1047.291589 1014.889877 1018.043335 996.627172 1014.270036 1037.338316 1035.711892 1056.154394 1032.569714 1034.446413 1001.701257 1034.546423 1046.728229 1067.016983 1042.035765 1041.220553 1034.543926 1047.382664 1029.800364 1014.797510 -9999.0 -9999.0
-9999.0 -9999.0 1106.730253 1097.697087 1067.102738 1049.237237 1040.696562 1041.425937 1039.886867 1040.721893 1048.976245 1038.712630 1027.053962 1023.764798 1014.977333 1022.656531 1037.597364 1040.349597 1048.531133 1038.975959 1026.963448 1015.379160 1027.741640 1047.696426 1059.528782 1053.048244 1047.880727 1044.448463 1045.271944 1038.075037 1032.150616 -9999.0 -9999.0
-9999.0 -9999.0 1034.037954 1031.015455 1029.379431 1026.044523 1014.173547 1024.469020 1015.546912 1028.652566 1030.183658 1039.758562 1066.318692 1046.136098 1040.426681 1036.090114 1033.025694 1038.717608 1033.660418 1035.421667 1027.897602 983.883082 1017.491463 1045.701117 1062.381709 1058.318617 1063.856116 1048.944590 1043.808301 1035.409425 1020.725126 -9999.0 -9999.0
-9999.0 -9999.0 1048.881269 1022.510507 1034.536475 1023.246713 1017.184058 1015.804509 1016.849884 1018.439889 1028.327074 1038.697561 1057.445885 1050.668147 1046.261618 1038.255672 1035.422442 1038.929518 1035.438430 1033.353484 1017.600974 998.228670 1015.481081 1039.651666 1052.815986 1054.069468 1054.478989 1046.989852 1041.222341 1037.056971 1031.255933 -9999.0 -9999.0
-9999.0 -9999.0 1046.795933 1049.221333 1027.612459 1041.347909 1016.549170 1031.537373 996.000353 1023.440150 1007.711025 1041.761522 1043.347700 1053.670416 1037.519687 1039.014524 1033.917638 1036.741920 1054.594191 1039.338886 1012.757107 1012.735254 1026.956142 1043.084612 1059.241173 1047.044173 1035.261879 1042.084820 1042.564339 1037.507080 1026.511700 -9999.0 -9999.0
-9999.0 -9999.0 1078.287843 1084.880158 1052.342951 1096.060757 1082.269338 1100.383652 1065.012299 1081.964180 1061.783966 1084.250942 1066.371010 1064.926796 1050.825331 1038.679737 1034.824188 1040.458908 1049.997248 1034.122765 1015.202399 1017.826887 1026.934163 1037.871662 1047.093617 1043.065040 1036.584003 1039.193665 1039.876779 1039.164280 1040.937808 -9999.0 -9999.0
-9999.0 -9999.0 1075.265216 1082.145300 1125.968332 1242.281765 1508.220698 1260.629192 1315.293837 1210.550925 1304.802138 1207.121393 1199.037385 1103.691250 1061.747678 1044.863975 1025.403491 1034.426441 1046.833526 1031.792378 1006.208706 1003.040081 1013.675541 1034.793116 1042.101531 1041.278211 1042.402109 1039.923363 1043.969777 1037.363543 1027.519202 -9999.0 -9999.0
-9999.0 -9999.0 1102.999523 1115.256544 1149.562979 1269.118567 1550.082038 1395.559220 1463.164897 1315.457270 1379.066073 1218.681124 1203.392456 1100.820482 1040.252628 1048.233370 1028.630678 1032.424108 1035.819825 1024.227691 1006.030329 1010.073158 1014.505584 1032.554218 1037.698625 1039.200034 1036.976773 1032.859377 1033.627512 1039.932166 1044.136834 -9999.0 -9999.0
-9999.0 -9999.0 1099.174849 1108.589831 1131.355869 1181.195685 1170.010244 1199.417293 1135.123729 1148.256914 1108.581796 1018.053884 1149.215212 1060.909438 1106.364942 1150.930441 1048.255429 1037.703791 1031.554130 1024.990954 1013.956132 991.288189 1043.693770 1042.054354 1057.052135 1038.280695 1029.312812 1021.566028 1004.939131 1012.251111 1026.231893 -9999.0 -9999.0
-9999.0 -9999.0 1101.969099 1103.078747 1069.979938 1038.743393 985.960859 1002.192975 1005.624301 1001.656030 984.895489 988.713341 990.967896 1007.821155 1142.030549 1140.017622 1051.995277 1034.620572 1030.810040 1026.953946 1007.491338 1006.096202 1022.689658 1037.959639 1040.693283 1028.948770 1023.151316 1017.443689 1014.439617 1013.300144 1041.157986 -9999.0 -9999.0
-9999.0 -9999.0 1091.270788 1071.840498 1017.082416 1025.644173 1045.445550 1080.209733 1302.708866 1098.099929 1125.025721 1104.727132 1359.230452 1333.502726 1174.531168 1124.833801 1018.768069 1029.374812 1049.752232 1036.913718 1039.195805 979.362080 1052.466604 1033.731961 1022.039022 1016.622097 998.838508 1021.990056 1047.285396 1018.544837 1021.270987 -9999.0 -9999.0
-9999.0 -9999.0 1113.857192 1108.434946 1059.894495 1073.160712 1113.680140 1311.343664 1512.928002 1510.166659 1323.524807 1300.292356 1349.024410 1334.989059 1129.572851 935.742719 1008.521316 1027.989545 1039.607034 1033.814381 1018.662064 995.609521 1024.310497 1031.011879 1022.566568 1016.526402 1010.567432 1023.061973 1036.097050 1027.601508 1045.501055 -9999.0 -9999.0
-9999.0 -9999.0 1052.353570 1048.463828 1038.721773 1142.953462 1667.664277 1658.506493 1671.123621 1671.138445 1711.404978 1542.321456 1229.076154 1318.982327 1130.705953 1036.159774 1033.609308 1034.881691 1037.415452 1027.491558 1007.870007 1010.259611 1024.191281 1033.236591 1041.027325 1024.971748 1020.149078 1029.521246 1048.044693 1026.610325 1020.419880 -9999.0 -9999.0
-9999.0 -9999.0 1052.403929 1036.524034 1015.285064 984.515132 1174.734881 1153.535459 1152.021000 1503.298625 1545.020787 1512.172868 1505.572489 1324.318779 1119.318872 1123.208064 1042.984466 1038.096469 1031.057728 1020.301347 1011.778952 1010.627984 1021.897441 1028.549611 1035.640387 1030.430639 1028.329949 1034.566419 1053.025691 1032.839746 1037.443730 -9999.0 -9999.0
-9999.0 -9999.0 1110.167423 1101.914263 1031.441264 1019.341069 1042.888864 1040.372587 1090.580014 1345.716182 1388.523806 1341.554044 1300.528282 1290.958339 930.548486 883.920502 1017.401925 1033.251826 1040.959103 1026.717052 1012.147599 1026.124906 1017.797400 1028.402225 1032.396432 1036.055402 1032.990228 1037.602817 1046.061117 1035.265954 1027.881826 -9999.0 -9999.0
-9999.0 -9999.0 1101.186898 1091.684264 1038.639178 1033.318663 1043.598570 1050.492255 1125.121471 1302.571310 1197.117687 1153.226044 1108.158935 1077.434007 1008.078097 1002.200121 1022.309957 1023.464586 1025.113292 1028.276634 1126.196918 1144.014645 1025.848509 1042.729511 1053.899717 1052.888285 1038.445061 1044.676269 1039.816709 1036.571964 1044.356655 -9999.0 -9999.0
-9999.0 -9999.0 1144.867588 1151.103204 1140.675180 1061.237389 1089.639620 1139.065078 1330.849632 1307.773353 1101.955590 1100.843594 1029.238710 1018.161926 1024.164493 1019.027484 1002.092000 1015.336505 1014.246078 975.501120 1015.142871 1087.773696 1082.269053 1142.334117 1156.020060 1109.975882 1086.837656 1061.690073 1096.939455 1052.048800 1039.560737 -9999.0 -9999.0
-9999.0 -9999.0 1101.491695 1121.149481 1122.635121 1140.742808 1147.508218 1302.276280 1288.263873 1262.519176 890.348342 1011.498622 1029.815830 1030.303331 1026.469888 1020.363363 1011.615021 1012.673137 1020.648044 986.760536 772.677906 847.726127 945.393634 1014.561563 1073.428280 1059.228809 1075.274631 1070.802879 1078.735467 1052.791322 1061.223075 -9999.0 -9999.0
-9999.0 -9999.0 1015.407658 1022.880748 1051.714602 1094.038363 1088.449655 1103.057336 1106.523945 1102.842994 1014.087161 1029.899680 1029.118290 1031.444011 1026.739930 1028.969849 1046.375986 1018.173598 1001.998360 1002.960464 971.696452 994.284688 1009.328735 1024.600284 1033.674188 1042.657693 1037.591724 1043.608770 1030.214002 1034.037855 1039.171116 -9999.0 -9999.0
-9999.0 -9999.0 1017.237418 960.130503 863.860789 897.164419 908.292730 900.303787 884.300545 845.088661 1006.554086 1027.351829 1028.814595 1025.438164 1023.590163 1029.421854 1036.853368 1021.812770 1005.220589 1008.909003 1001.828055 1009.323223 1019.958112 1025.920793 1029.839894 1027.786566 1022.813206 1020.482303 1020.558774 1019.991582 1046.586825 -9999.0 -9999.0
-9999.0 -9999.0 1003.098361 962.389781 636.504499 701.266525 736.624968 693.648257 649.103464 594.355174 998.604714 1015.924356 1020.647813 1018.736379 1005.286468 1012.704352 1004.132768 1029.025533 1100.797862 1033.882058 1006.235284 1011.369523 1012.009863 1020.240589 1017.186884 1019.424202 1010.188909 1010.065789 996.127370 1010.673752 1022.008919 -9999.0 -9999.0
-9999.0 -9999.0 1039.270761 978.259513 451.062008 497.131693 512.830589 473.354417 423.537602 921.378584 1002.520283 1014.861913 1018.299870 1016.570272 1016.095865 1013.819144 1011.031739 1029.962736 1060.386218 1029.652040 1014.447847 1014.465049 1016.868908 1020.848102 1021.134146 1022.357019 1018.303833 1016.753321 1010.326040 1014.984295 1039.393374 -9999.0 -9999.0
-9999.0 -9999.0 1012.604882 976.996907 215.890147 281.905084 299.052525 259.212647 195.954429 968.562724 1038.003545 1026.506347 1013.295027 1022.754490 1026.676150 1029.826048 1044.713643 1028.667829 1006.294050 1019.153801 1011.921771 1023.218092 1034.246982 1031.661437 1036.343299 1036.714508 1054.422184 1036.465222 1051.054371 1023.852706 1017.324382 -9999.0 -9999.0
-9999.0 -9999.0 1057.135014 1048.454275 968.872951 941.738478 0.000000 0.000000 929.065198 1017.025162 1031.404468 1027.924914 1021.341585 1026.931254 1035.763350 1036.282953 1039.003346 1026.824319 1014.143688 1019.179287 1022.184346 1031.554987 1039.422217 1040.208175 1041.448204 1042.877377 1048.468326 1041.963369 1048.953216 1033.410016 1035.879479 -9999.0 -9999.0
-9999.0 -9999.0 1059.194336 1028.286163 1004.246912 1013.570856 997.290675 997.956088 1017.320704 1020.356581 1017.989205 1026.699315 1024.097109 1029.723176 1032.996915 1037.004673 1036.032011 1031.185329 1030.960595 1030.423832 1043.003207 1045.774639 1065.033435 1049.568701 1045.436552 1042.318256 1036.733333 1034.013129 1023.479200 1021.110374 1018.763962 -9999.0 -9999.0
-9999.0 -9999.0 1016.316669 1109.414341 1030.960592 1047.026357 1040.195088 1044.001615 1031.371363 1037.383663 1029.582092 1030.132644 1029.099917 1030.667762 1032.960768 1033.973180 1032.157245 1028.690801 1030.482877 1031.168313 1041.040523 1046.074379 1054.152880 1046.627379 1041.496393 1035.218158 1031.736929 1028.229008 1024.720743 1021.183726 1029.337861 -9999.0 -9999.0
-9999.0 -9999.0 1007.503958 1058.503164 1050.974519 1083.298822 1105.698625 1084.320714 1075.499261 1057.104140 1058.087475 1039.092317 1028.350940 1034.240649 1041.016474 1034.342740 1025.543088 1024.379093 1011.015713 1025.954544 1028.023158 1039.658001 1041.788179 1038.964904 1025.619467 1027.685623 1019.202381 1028.263519 1038.850245 1027.734097 1020.757087 -9999.0 -9999.0
-9999.0 -9999.0 1036.198939 1058.880868 1070.929842 1094.325686 1102.441608 1099.686353 1080.181425 1061.119277 1053.803002 1036.517929 1031.501269 1032.681534 1037.008023 1033.364598 1028.400590 1025.571405 1019.803023 1024.998292 1028.150224 1032.892940 1035.346344 1032.650814 1026.665289 1024.645350 1023.275326 1030.369445 1038.781219 1032.027520 1038.780221 -9999.0 -9999.0
-9999.0 -9999.0 1023.263806 1047.355571 1070.580622 1100.581659 1107.184483 1100.071220 1069.014705 1050.925117 1023.578177 1028.423278 1022.030808 1031.711639 1034.296578 1036.035501 1037.138587 1036.328719 1049.099809 1033.688665 1026.566139 1031.417607 1033.312178 1033.047727 1032.832202 1027.843714 1023.789825 1034.603768 1056.176704 1037.613625 1022.553356 -9999.0 -9999.0
-9999.0 -9999.0 1046.778112 1057.582838 1069.566615 1089.479569 1102.304587 1075.385256 1055.568067 1037.689618 1023.564686 1025.144280 1025.318291 1031.134441 1033.860711 1034.361601 1035.185071 1035.741032 1040.308616 1032.599157 1027.848234 1027.478942 1029.624730 1029.171979 1030.873792 1029.302325 1027.610580 1032.745287 1041.539194 1030.893321 1030.666678 -9999.0 -9999.0
-9999.0 -9999.0 1030.492835 1039.502108 1052.795012 1054.823515 1037.779923 1042.071039 1025.860354 1030.890929 1029.059439 1030.049377 1034.420998 1036.422438 1039.936892 1033.627190 1023.484095 1030.617282 1027.673051 1028.901832 1021.696430 1024.690963 1020.605070 1026.047004 1023.682959 1032.104283 1044.443816 1028.119002 1010.387233 1024.179975 1017.031803 -9999.0 -9999.0
-9999.0 -9999.0 1037.058961 1033.698293 1037.365851 1030.446991 1022.164328 1027.094677 1024.364228 1027.389943 1029.936055 1020.803006 1034.337329 1035.564569 1037.398469 1032.276792 1026.608115 1027.737926 1025.978041 1025.112325 1023.045395 1022.444957 1022.278472 1023.861786 1025.782088 1031.684647 1034.286057 1023.454055 1013.285758 1018.833717 1027.737711 -9999.0 -9999.0
-9999.0 -9999.0 1016.227326 1010.164323 995.432211 1021.902965 1041.158331 1031.958374 1034.039148 1032.223118 1029.648995 1077.765865 1033.951124 1035.876766 1028.876609 1038.180404 1045.669475 1034.013192 1027.252843 1027.344460 1029.889984 1029.351853 1027.478576 1030.404408 1034.033828 1034.831014 1033.719935 1022.804645 1013.753755 1017.429484 1021.461567 -9999.0 -9999.0
-9999.0 -9999.0 1026.190148 1011.362283 1002.607156 1016.596751 1031.497591 1034.693768 1035.887547 1034.717997 1033.105827 1041.725892 1035.948081 1056.096827 1062.182027 1054.189789 1050.316366 1048.286385 1034.116576 1031.117167 1026.038484 1021.567008 1021.194971 1023.070466 1024.712539 1031.375297 1034.113581 1028.802673 1017.031780 1018.287572 1029.084939 -9999.0 -9999.0
-9999.0 -9999.0 1008.388397 1010.288926 1016.532734 1022.316515 1032.331581 1034.820668 1044.291954 1037.296300 1039.359831 1036.398033 1051.148910 1101.028848 1135.496885 1157.832201 1164.947114 1148.045133 1036.019270 1028.476218 1028.928044 1026.867447 1026.018590 1031.048196 1046.203625 1033.505287 1030.417988 1024.198767 1024.009335 1019.658110 1023.324666 -9999.0 -9999.0
-9999.0 -9999.0 1018.558041 1012.477383 1019.484337 1018.190567 1027.051847 1024.715066 1034.414382 1029.969003 1032.343018 1024.820027 1019.395745 1003.011670 993.454255 1112.546700 1142.987696 1133.072170 1034.706796 1022.441769 1025.120672 1024.384395 1027.219788 1027.215786 1032.786642 1026.606162 1024.428019 1014.049844 1021.822061 1030.036379 1039.858371 -9999.0 -9999.0
-9999.0 -9999.0 1046.191306 1101.763313 1101.150354 1101.454656 1050.809459 1100.647011 1061.207191 1037.855324 1044.668877 1021.611385 983.179067 712.878323 702.190664 897.340850 1055.066843 1026.979841 1027.945849 1020.320194 1033.328664 1063.545930 1049.737441 1040.418937 1090.379224 1043.886964 1027.027691 1027.621059 1025.590285 1066.879757 1061.746800 -9999.0 -9999.0
-9999.0 -9999.0 -9999.0 -9999.0 -9999.0 -9999.0 -9999.0 -9999.0 -9999.0 -9999.0 -9999.0 -9999.0 -9999.0 -9999.0 -9999.0 -9999.0 -9999.0 -9999.0 -9999.0 -9999.0 -9999.0 -9999.0 -9999.0 -9999.0 -9999.0 -9999.0 -9999.0 -9999.0 -9999.0 -9999.0 -9999.0 -9999.0 -9999.0