oms3_prj_geotop/oms3.prj.geotop/data/Panola_sim_52/output_maps/prof_falda0007.asc
ncols         33
nrows         53
xllcorner     0.000000
yllcorner     0.000000
cellsize      1.000000
NODATA_value  -9999.0
-9999.0 -9999.0 -9999.0 -9999.0 -9999.0 -9999.0 -9999.0 -9999.0 -9999.0 -9999.0 -9999.0 -9999.0 -9999.0 -9999.0 -9999.0 -9999.0 -9999.0 -9999.0 -9999.0 -9999.0 -9999.0 -9999.0 -9999.0 -9999.0 -9999.0 -9999.0 -9999.0 -9999.0 -9999.0 -9999.0 -9999.0 -9999.0 -9999.0
-9999.0 -9999.0 1137.439994 1122.922448 1118.130394 1116.226222 1124.079501 1123.734623 1119.689447 1120.081460 1116.626852 1116.418079 1116.726367 1115.265270 1117.571624 1114.428680 1112.969474 1112.811086 1113.689287 1119.520605 1119.236953 1123.149730 1122.956433 1122.612538 1122.094483 1121.884727 1126.208112 1122.194738 1118.186611 1112.355080 1109.360202 -9999.0 -9999.0
-9999.0 -9999.0 1117.442389 1114.144192 1112.594675 1114.318758 1122.567281 1120.965497 1115.761237 1114.054162 1111.702103 1111.216253 1110.634380 1110.139363 1109.187277 1104.654548 1100.857578 1100.034733 1102.278386 1105.917823 1108.550461 1111.764918 1111.581844 1109.948489 1108.192285 1108.203868 1109.962646 1117.094045 1113.518722 1110.846277 1105.644760 -9999.0 -9999.0
-9999.0 -9999.0 1105.205582 1107.678189 1110.480504 1117.223038 1140.324553 1122.984087 1118.596908 1112.789791 1113.130620 1110.496234 1113.076353 1110.894963 1115.460860 1103.259918 1054.838862 1071.172096 1083.671595 1102.641985 1108.204788 1109.205960 1116.392534 1104.941091 1102.331219 1102.321173 1100.917446 1115.273244 1146.176649 1105.446676 1062.336075 -9999.0 -9999.0
-9999.0 -9999.0 1102.956207 1103.427508 1106.181801 1112.027636 1119.987164 1115.993732 1110.949751 1107.591889 1106.418188 1105.515930 1106.085105 1106.466971 1106.927523 1101.952576 1072.907184 1069.459892 1076.900883 1100.581178 1102.134663 1101.244909 1090.965130 1073.043794 1074.686726 1080.173317 1091.912610 1103.777424 1107.135247 1098.295565 1056.020780 -9999.0 -9999.0
-9999.0 -9999.0 1100.616163 1100.969821 1102.398139 1105.763170 1111.867877 1107.681401 1103.255488 1101.533753 1100.251204 1100.445074 1100.552410 1101.646693 1103.570573 1100.759195 1103.883486 1070.077989 1067.450673 1086.629814 1109.614103 1060.368258 986.956531 1017.407742 1046.059354 1048.698671 1035.113654 1064.742481 1043.567056 1048.978745 1029.992017 -9999.0 -9999.0
-9999.0 -9999.0 1101.927292 1095.518501 1092.902230 1099.729970 1101.613661 1100.284554 1082.299638 1069.388002 1063.610857 1068.395123 1074.466148 1081.380510 1082.857676 1065.302357 1053.994829 1011.247127 1009.329260 1037.103713 1073.638929 1010.837393 967.124884 987.507902 1028.748532 1044.665446 1045.736083 1048.806065 1040.266576 1040.922060 1034.445026 -9999.0 -9999.0
-9999.0 -9999.0 1093.979044 1073.011909 1060.805655 1059.768455 1067.372295 1050.131407 1042.136472 1038.604064 1036.438498 1046.452921 1051.072138 1058.314511 1046.748947 1023.929165 975.875810 960.581036 925.227083 990.079603 1065.141743 979.528393 925.192309 980.717250 1057.556875 1060.346886 1064.508222 1066.405392 1059.842454 1055.864528 1037.002156 -9999.0 -9999.0
-9999.0 -9999.0 1101.907301 1076.070985 1046.557354 1020.973608 1006.331902 999.635420 1006.441766 1031.375691 1030.733614 1036.167600 1051.644812 1054.925364 1041.611286 1011.997454 976.503190 959.142914 947.387574 961.450584 975.824779 948.638631 938.389247 977.931323 1041.657467 1070.761910 1077.456614 1083.154369 1074.579523 1076.861657 1062.945212 -9999.0 -9999.0
-9999.0 -9999.0 1090.616462 1060.819330 1032.830459 1004.871959 949.744453 974.296550 970.604075 998.935205 984.177070 1032.338859 1070.086717 1063.242873 1056.614806 1020.912847 988.139347 975.166334 999.076054 953.442254 918.471318 943.208726 937.403293 1000.745690 1049.421633 1092.067248 1106.940611 1104.258662 1107.858356 1082.721537 1040.250851 -9999.0 -9999.0
-9999.0 -9999.0 1105.586436 1088.291750 1056.803671 1031.386230 1009.897634 1010.726166 1009.915098 1017.950285 1025.161319 1037.544857 1049.706388 1049.974495 1043.846012 1018.641663 988.919899 960.557378 952.583874 941.416332 951.813062 995.518149 1024.227937 1049.632692 1073.288429 1088.190177 1101.196819 1100.880474 1100.390868 1075.409457 1059.943854 -9999.0 -9999.0
-9999.0 -9999.0 1093.018944 1071.852027 1065.463109 1075.447483 1101.578942 1078.433555 1071.772987 1064.142782 1071.554372 1052.166532 1021.647460 1034.978987 1036.482463 1012.819508 992.737153 943.353799 900.787945 935.281866 1011.544991 1075.120129 1198.009096 1107.588956 1097.601311 1074.613051 1056.605219 1057.549654 1042.556486 1042.416902 1028.999966 -9999.0 -9999.0
-9999.0 -9999.0 1104.956821 1099.505228 1093.674840 1100.510128 1105.182932 1103.020747 1100.434542 1090.556169 1085.110333 1071.483879 1047.976461 1035.715539 1019.768126 995.769150 974.582550 939.967924 919.552008 926.097542 960.799296 1021.548212 1108.136195 1101.244228 1078.626030 1053.643068 1033.563545 1027.097512 1025.567753 1034.120672 1044.303655 -9999.0 -9999.0
-9999.0 -9999.0 1101.784901 1097.682264 1100.295508 1103.932860 1118.429266 1110.201342 1101.788795 1100.636510 1100.684950 1093.138576 1088.440348 1038.899441 1003.156914 986.061669 959.526734 961.660685 962.310753 932.209610 891.236516 946.034360 984.602151 1049.131811 1050.694951 1044.563125 1010.076176 1025.530473 1017.374195 1032.767298 1023.107054 -9999.0 -9999.0
-9999.0 -9999.0 1107.424519 1097.694989 1100.087290 1105.389154 1111.609988 1111.283305 1105.123775 1104.077008 1101.401179 1094.461218 1056.677518 1012.472500 988.973471 988.920556 994.836633 1004.690856 1000.694197 961.363979 930.780017 938.783200 973.131153 1032.834930 1055.945364 1067.169877 1053.505951 1060.047561 1049.528100 1061.385518 1058.982614 -9999.0 -9999.0
-9999.0 -9999.0 1118.524506 1106.232067 1102.663869 1105.284633 1116.870524 1110.663973 1106.955856 1105.067187 1113.306072 1099.724793 1006.602616 995.975396 957.051934 1000.684898 1051.054238 1057.449970 1078.569606 1019.653227 996.549825 937.898133 1000.706628 1069.506235 1113.620686 1104.176073 1107.105106 1101.505232 1107.490928 1084.412937 1039.731821 -9999.0 -9999.0
-9999.0 -9999.0 1241.450615 1154.637060 1121.658111 1108.407789 1103.845646 1103.073940 1100.978075 1100.576266 1103.729933 1090.102634 1040.857033 1028.320913 1008.991481 1023.009901 1057.281882 1059.659820 1060.169623 1020.978859 975.910266 946.530106 979.030722 1059.814662 1108.151483 1111.582121 1111.386363 1108.961135 1107.451878 1099.875379 1074.176182 -9999.0 -9999.0
-9999.0 -9999.0 1087.347531 1100.740778 1100.784664 1098.702832 1064.601879 1074.157522 1041.592089 1067.954489 1078.073012 1088.586857 1109.191409 1091.423396 1061.096677 1046.681129 1038.503346 1046.777575 1027.949046 1004.793724 966.800754 909.053691 956.506870 1044.353889 1107.160444 1112.823505 1119.518481 1109.384468 1104.757465 1085.582986 1044.145370 -9999.0 -9999.0
-9999.0 -9999.0 1106.551344 1077.257326 1101.362637 1090.303286 1083.446704 1068.454635 1057.680914 1058.265588 1072.188243 1089.114671 1106.779545 1100.477778 1067.546965 1042.239687 1028.653750 1045.655609 1029.701832 995.514911 951.837114 929.175158 958.952278 1029.879943 1101.427327 1107.269303 1108.461021 1104.884993 1101.587064 1082.984372 1062.816930 -9999.0 -9999.0
-9999.0 -9999.0 1102.947413 1103.116838 1090.267883 1116.983530 1109.857854 1116.970790 1052.352652 1088.627361 1041.925640 1095.148797 1096.694967 1089.165390 1047.205667 1036.632204 1023.324646 1030.200272 1057.991411 999.864430 946.986941 943.369114 973.119323 1028.981578 1100.334373 1101.413490 1093.529234 1100.461896 1097.637750 1076.439451 1051.203996 -9999.0 -9999.0
-9999.0 -9999.0 1125.177653 1132.854763 1118.789893 1214.867295 1246.365836 1275.772395 1183.868094 1185.839643 1138.362055 1149.261795 1120.952979 1104.613771 1073.921306 1035.947869 1020.470701 1028.024081 1030.158464 983.851850 943.515408 941.993340 965.873375 1011.711835 1064.469608 1081.736782 1071.122455 1076.072664 1074.110914 1071.662873 1073.846626 -9999.0 -9999.0
-9999.0 -9999.0 1123.749115 1134.702396 1174.108285 1425.049161 1971.016702 1561.929303 1685.441356 1399.435096 1525.303957 1315.028252 1311.307073 1127.383714 1087.209034 1057.376914 1016.596154 1020.044677 1022.723433 976.968810 931.000808 924.161416 947.487856 1004.688680 1049.188474 1064.157147 1067.019670 1059.503387 1064.651310 1057.737673 1045.426566 -9999.0 -9999.0
-9999.0 -9999.0 1155.734712 1160.777706 1151.556587 1314.644082 1704.986154 1501.529955 1505.826486 1313.418740 1350.226233 1167.301423 1140.422154 1084.802748 1046.722367 1069.458547 1027.238401 1022.160038 1008.560719 970.316775 933.906388 930.138592 955.209414 1008.510366 1046.042212 1054.767370 1045.142211 1031.904670 1029.216763 1048.837290 1071.396152 -9999.0 -9999.0
-9999.0 -9999.0 1131.337021 1125.762069 1101.613554 1127.096152 985.907109 1112.900593 946.641284 1030.706596 903.182692 913.122121 1014.849074 1042.750525 1146.954378 1175.089353 1070.308241 1037.719047 1010.626842 978.493924 944.348955 911.362039 993.216947 1028.959273 1074.424557 1047.225739 1023.461656 1007.143308 979.683083 997.252021 1039.389657 -9999.0 -9999.0
-9999.0 -9999.0 1162.465273 1118.856441 1015.500217 959.783208 909.008067 928.952408 934.739093 939.946649 918.481223 936.367058 952.409758 1044.390784 1177.328936 1165.926330 1072.698135 1036.177010 1019.818354 989.504853 944.445466 928.820704 970.869671 1020.957461 1040.298908 1022.818198 1007.209137 1008.177872 1018.451054 1018.979793 1077.296950 -9999.0 -9999.0
-9999.0 -9999.0 1155.576990 1106.667197 984.889305 990.039525 1035.535296 1089.808389 1328.834299 1111.916442 1270.845570 1121.520850 1391.080865 1343.449474 1267.679794 1157.602867 1013.115893 1027.640134 1048.705316 1008.829296 984.258873 902.279999 1010.272640 1018.623994 1013.115199 1004.812621 973.080769 1029.975941 1091.024424 1047.492283 1050.643711 -9999.0 -9999.0
-9999.0 -9999.0 1293.025636 1185.584372 1073.189972 1100.683029 1124.739292 1285.339037 1319.220992 1317.761338 1335.633615 1301.111313 1378.832075 1356.212080 1191.815985 1007.309813 993.209258 1023.097888 1028.504936 998.648826 958.911033 932.692022 980.462244 1018.625029 1027.477977 1022.556272 1017.320669 1054.885200 1084.547252 1077.394935 1101.338569 -9999.0 -9999.0
-9999.0 -9999.0 1100.787348 1084.291943 1041.537965 1172.269313 1666.082036 1656.860114 1669.330467 1669.167756 1712.964586 1557.708904 1260.221799 1335.893317 1177.169023 1057.236519 1030.557944 1033.718462 1023.070307 989.425921 946.995298 953.854753 988.144528 1029.829794 1068.954491 1058.901541 1058.646180 1085.105560 1104.918208 1077.832682 1061.647260 -9999.0 -9999.0
-9999.0 -9999.0 1114.958114 1069.036819 999.138645 1043.192914 1229.281769 1208.035925 1206.627116 1500.758033 1548.326202 1514.838336 1510.138441 1339.966993 1159.649751 1147.596497 1054.008079 1044.435333 1015.575786 983.372356 961.509477 966.341695 994.598344 1030.148760 1066.587671 1078.736038 1087.707611 1101.285724 1107.066115 1086.202357 1086.273213 -9999.0 -9999.0
-9999.0 -9999.0 1240.064373 1139.880024 1049.485386 1024.587820 1101.440821 1098.425540 1141.788876 1374.714309 1397.996727 1350.555870 1307.445247 1293.526561 1015.579595 969.185584 997.989260 1026.375029 1045.167297 1019.307895 984.758662 1020.212720 1015.227126 1047.396063 1067.530512 1086.562652 1091.222901 1101.363650 1104.043049 1073.982380 1057.548823 -9999.0 -9999.0
-9999.0 -9999.0 1118.437950 1105.779215 1055.775150 1054.328658 1092.042442 1104.175308 1164.273907 1313.830003 1204.273731 1176.484280 1143.032672 1102.329293 945.209408 907.920853 854.693813 966.488784 1001.718185 1033.809830 1145.569404 1153.346225 1041.308518 1095.933541 1107.458786 1104.910813 1084.659297 1100.031771 1065.800214 1049.551304 1072.879955 -9999.0 -9999.0
-9999.0 -9999.0 1164.264955 1178.366028 1155.030111 1104.450151 1122.489817 1166.577317 1349.308724 1318.408172 1118.116528 1111.009346 1085.447998 1035.062257 1012.961281 983.285500 953.722155 977.668369 997.907112 1075.985595 1124.651546 1153.091663 1116.474518 1179.009407 1194.145752 1135.755895 1125.665293 1102.090697 1123.400737 1073.551454 1050.639600 -9999.0 -9999.0
-9999.0 -9999.0 1115.601029 1133.983237 1143.913621 1168.631588 1222.487592 1348.680578 1313.608681 1241.785097 915.900784 1015.653411 1047.746118 1040.410343 1020.881128 1002.891058 986.818813 978.023204 984.082223 946.641185 931.037335 1005.701942 1103.181167 1130.845270 1138.680648 1097.142615 1105.569097 1099.832808 1101.518832 1048.407090 1064.108211 -9999.0 -9999.0
-9999.0 -9999.0 1030.951938 1089.467954 1127.908581 1347.337476 1344.379587 1315.162435 1217.458271 1166.487850 1000.432722 1026.916365 1019.415278 1027.932845 1017.414933 1022.105284 1043.005262 980.986945 784.197089 793.028361 780.877489 870.673381 958.407109 1022.644391 1035.131751 1035.518284 1018.166025 1016.077900 991.042734 991.669418 1009.037512 -9999.0 -9999.0
-9999.0 -9999.0 1072.665121 1152.854145 1140.404300 1320.705754 1322.037217 1305.336259 1156.387531 1052.135219 1019.211674 1017.588703 1012.928762 1008.271959 1005.501450 1030.790587 1039.600616 1002.977202 667.872064 949.595473 936.330623 955.871328 988.109009 1011.529091 1019.220089 1010.481854 991.458566 972.565999 964.958694 967.695680 1015.393340 -9999.0 -9999.0
-9999.0 -9999.0 982.237960 1024.749588 1105.943276 1164.304151 1199.401806 1146.968083 1113.196164 984.924498 943.082647 967.490395 990.709297 994.037089 977.849586 989.403012 968.184970 1029.361269 1118.162337 1026.057693 968.732195 979.119560 989.584414 1011.702637 1007.793528 1007.334838 983.695822 969.257212 941.231363 961.865213 984.615850 -9999.0 -9999.0
-9999.0 -9999.0 1014.574232 990.727577 928.312783 972.452173 988.061649 949.264632 900.840594 857.858060 811.912383 955.710798 981.481897 996.204619 1017.667272 1010.333575 1010.484533 1041.404438 1088.333440 1028.814750 998.547661 1005.922139 1023.378451 1036.417422 1038.647315 1036.693253 1023.760679 1008.655704 990.383686 986.527901 1023.029987 -9999.0 -9999.0
-9999.0 -9999.0 741.389544 765.051604 695.037235 758.838413 775.382008 735.772265 674.070960 666.490465 674.905723 947.867471 967.692726 1007.159042 1031.019611 1047.465148 1074.490386 1036.185172 984.848046 1009.254882 1005.443113 1041.800029 1076.605468 1078.710871 1085.103115 1081.042313 1096.905053 1059.543689 1072.266411 1014.724694 997.215586 -9999.0 -9999.0
-9999.0 -9999.0 1020.447348 1012.258368 921.942534 831.241759 571.902092 538.474317 488.161299 448.639909 407.433242 932.149611 976.164102 1013.003504 1045.983539 1059.651058 1062.986829 1034.299049 1007.949456 1018.936598 1039.304059 1071.516738 1084.057303 1092.859231 1093.707882 1085.506288 1079.019543 1061.753084 1068.980655 1039.428971 1030.047622 -9999.0 -9999.0
-9999.0 -9999.0 1029.080910 1005.445010 970.081980 986.505221 939.492789 774.214724 294.850990 224.006352 779.402064 946.639214 979.416437 1014.220571 1038.757274 1054.598740 1051.883690 1038.179569 1035.279500 1041.117585 1077.240019 1098.293754 1111.403985 1101.577817 1085.572699 1065.796397 1045.308385 1033.957237 1007.264134 997.735826 998.308240 -9999.0 -9999.0
-9999.0 -9999.0 960.198826 1144.134276 1040.184025 1062.480809 1048.949971 974.400824 748.816596 0.000000 791.228621 944.742513 977.702612 1008.759521 1033.797212 1042.677009 1036.743546 1025.668936 1022.900442 1031.576671 1058.033784 1081.028781 1102.111628 1086.657498 1055.706020 1034.907725 1023.317924 1020.815039 1018.615669 1008.614988 1019.535135 -9999.0 -9999.0
-9999.0 -9999.0 957.110090 1058.559847 1073.456943 1123.210785 1199.005308 1109.797529 1018.416977 910.903201 0.000000 907.189907 951.134978 999.144373 1038.103061 1039.121453 1024.108805 1017.298985 989.690417 1016.471014 1024.353330 1051.471381 1066.104181 1048.439425 1015.640199 1013.031916 998.577867 1022.146941 1047.297146 1025.551505 1009.782544 -9999.0 -9999.0
-9999.0 -9999.0 999.130864 1060.471132 1104.521641 1135.075896 1171.556709 1130.096866 1077.344456 984.082764 910.292143 506.861916 908.127069 974.323846 1021.954109 1035.330402 1033.878086 1029.482359 1019.624697 1020.285057 1021.213939 1029.943194 1035.959572 1029.697932 1017.346804 1010.339686 1009.183608 1028.596124 1050.473437 1035.160780 1040.413099 -9999.0 -9999.0
-9999.0 -9999.0 973.100110 1025.902122 1100.501291 1126.162049 1177.550250 1120.431429 1059.656039 987.201312 919.649875 276.608994 265.899797 936.375036 1018.865458 1037.611979 1047.775882 1050.863770 1068.877292 1037.484645 1016.489836 1021.530317 1025.123610 1026.348384 1027.925787 1019.225465 1013.013320 1033.350901 1067.820024 1035.785551 1006.016086 -9999.0 -9999.0
-9999.0 -9999.0 1003.460451 1026.449960 1066.181063 1102.776872 1112.281919 1091.316954 1017.040902 958.497852 868.979717 0.000000 812.458015 970.714335 1015.795659 1033.321453 1041.737036 1047.223136 1050.414536 1031.336265 1014.797081 1010.564998 1013.038777 1016.114117 1022.405684 1024.335352 1021.749995 1020.936189 1025.367989 1013.428057 1015.011802 -9999.0 -9999.0
-9999.0 -9999.0 971.672983 983.132108 1005.616578 1027.035077 998.823938 998.053699 959.034488 920.756335 0.000000 907.319231 964.320899 1002.923287 1030.210924 1034.874514 1024.405803 1037.577984 1027.743800 1022.507216 1003.800169 1004.999334 998.041097 1012.136146 1012.316710 1028.738742 1043.771150 1005.299377 969.136182 995.909058 991.990079 -9999.0 -9999.0
-9999.0 -9999.0 979.626143 969.399980 968.685759 971.460854 972.819033 975.753848 948.382045 0.000000 925.875016 960.486944 994.462454 1011.659526 1026.681089 1036.913989 1041.350427 1040.696183 1028.901254 1020.104735 1012.175511 1007.813047 1007.250895 1012.516303 1019.379859 1027.094861 1023.189785 994.778679 975.770257 990.879221 1017.026180 -9999.0 -9999.0
-9999.0 -9999.0 955.443730 941.735383 922.422927 958.876906 994.372720 979.062785 986.900734 962.952774 979.514770 1055.425978 1005.501362 1013.941296 1014.001056 1050.995683 1081.428993 1059.802053 1035.864052 1026.375057 1034.901149 1031.909306 1028.168720 1035.476127 1043.004865 1039.990036 1018.082120 993.709885 978.374123 993.637287 1013.968885 -9999.0 -9999.0
-9999.0 -9999.0 974.135261 950.848605 939.014835 953.814184 963.906052 100.853193 981.548840 988.891024 990.215586 1000.518747 1000.737201 1039.020143 1059.757992 1082.190442 1096.921069 1089.817218 1051.080867 1036.176409 1018.949444 997.810380 994.825064 1001.664199 1009.081100 1022.226028 1024.969517 1015.102217 981.615320 995.089596 1030.990853 -9999.0 -9999.0
-9999.0 -9999.0 950.829493 948.327773 950.515077 949.611447 169.418412 955.901211 980.822445 975.704301 976.172357 971.758902 995.460299 1094.625063 1128.478312 1169.343030 1196.669943 1168.268902 1041.048408 1018.802412 1010.609519 979.832488 975.180951 985.040114 1007.224544 1011.855742 1004.180045 995.564340 1003.850068 993.894436 1024.641905 -9999.0 -9999.0
-9999.0 -9999.0 955.494131 941.962138 937.744545 925.623190 0.000000 926.364047 938.319640 936.791012 934.883607 927.896641 921.755650 886.987365 923.554783 1050.733048 1138.030858 1131.414724 1017.996290 993.354724 987.663042 946.702806 943.779009 948.506968 958.271180 985.422380 977.422521 966.006551 984.087060 1015.872582 1048.262385 -9999.0 -9999.0
-9999.0 -9999.0 949.007787 945.930117 926.445589 916.759796 874.429884 911.204209 912.521738 910.029815 906.577726 886.237871 778.759968 642.817457 630.132909 827.210748 986.536457 959.450402 949.439403 951.681810 944.891867 923.724346 914.780898 920.404702 931.279786 959.281136 922.034557 932.695410 938.645717 1018.211450 1083.696960 -9999.0 -9999.0
-9999.0 -9999.0 -9999.0 -9999.0 -9999.0 -9999.0 -9999.0 -9999.0 -9999.0 -9999.0 -9999.0 -9999.0 -9999.0 -9999.0 -9999.0 -9999.0 -9999.0 -9999.0 -9999.0 -9999.0 -9999.0 -9999.0 -9999.0 -9999.0 -9999.0 -9999.0 -9999.0 -9999.0 -9999.0 -9999.0 -9999.0 -9999.0 -9999.0