oms3_prj_geotop/oms3.prj.geotop/data/Panola_sim_52/output_maps/prof_falda0021.asc
ncols         33
nrows         53
xllcorner     0.000000
yllcorner     0.000000
cellsize      1.000000
NODATA_value  -9999.0
-9999.0 -9999.0 -9999.0 -9999.0 -9999.0 -9999.0 -9999.0 -9999.0 -9999.0 -9999.0 -9999.0 -9999.0 -9999.0 -9999.0 -9999.0 -9999.0 -9999.0 -9999.0 -9999.0 -9999.0 -9999.0 -9999.0 -9999.0 -9999.0 -9999.0 -9999.0 -9999.0 -9999.0 -9999.0 -9999.0 -9999.0 -9999.0 -9999.0
-9999.0 -9999.0 1368.968176 1318.058227 1329.748374 1337.790392 1360.968656 1359.245482 1345.015115 1337.411740 1323.123375 1318.614675 1317.375651 1310.881750 1309.099977 1241.037166 1239.636185 1166.078164 1166.421915 1191.436637 1183.594850 1307.048170 1311.843742 1312.961466 1312.577356 1310.561839 1110.852499 1319.691052 1317.073019 1217.008295 1305.565792 -9999.0 -9999.0
-9999.0 -9999.0 1306.573685 933.280765 1238.213602 1325.195839 1350.784825 1346.224178 1330.512534 1316.834196 1192.042151 1171.787633 1233.627362 1304.027024 1288.624597 1237.402929 1132.285160 916.875632 920.043064 1108.065091 1180.697136 1151.726579 1155.593068 1150.124721 1129.939884 917.775378 915.877902 1176.825824 1204.534628 1302.024066 1292.259992 -9999.0 -9999.0
-9999.0 -9999.0 1262.545320 1169.982650 1302.065415 1324.608205 1368.144448 1336.823866 1322.355572 1250.248833 922.006701 1164.872811 1242.558481 1288.046395 1287.788146 1187.809273 751.063992 727.392494 833.377971 1134.272721 1203.977145 1124.155363 1114.020189 1114.155755 1152.300683 897.968657 995.980102 1168.898408 1325.141185 1266.837960 1130.140566 -9999.0 -9999.0
-9999.0 -9999.0 1253.295006 1242.881068 1280.643798 1307.526902 1318.848769 1307.972142 1244.555400 1156.772387 1142.449317 1120.362860 1139.827271 1220.042485 1212.527043 1156.235945 960.091394 915.524718 724.017328 721.256512 1129.347559 912.092493 863.342848 851.017637 850.225563 842.983832 861.926940 1108.738476 1226.445898 1192.386784 1137.968780 -9999.0 -9999.0
-9999.0 -9999.0 1215.630321 1215.064257 1164.406437 1211.106312 1260.500880 1208.408909 1120.563447 1102.955005 898.813873 914.343255 1150.273451 1144.521381 1147.249278 1105.211820 1051.531492 907.630197 913.939463 932.677484 908.586325 713.481058 743.462234 776.478550 812.563769 811.025113 713.999751 723.519415 927.266018 1114.311515 935.751908 -9999.0 -9999.0
-9999.0 -9999.0 1210.929512 1132.859195 1134.609651 1144.557867 1156.540269 929.537190 909.692704 868.450712 827.731486 732.694819 911.393872 1105.447623 1022.743957 609.898765 450.428702 412.046606 501.324265 531.384184 924.618422 542.601492 524.819316 631.732281 764.755490 798.665379 709.307894 713.695835 726.727026 905.744314 907.771092 -9999.0 -9999.0
-9999.0 -9999.0 1132.693514 1107.896756 915.390618 911.998562 1103.719710 905.127743 851.593424 828.077147 800.867117 712.070269 918.538218 926.098024 715.774052 636.789054 577.055835 364.081252 280.481032 521.781232 959.056204 914.132476 749.716457 524.937590 707.505473 799.516616 815.687242 819.384918 820.429083 723.689397 719.891541 -9999.0 -9999.0
-9999.0 -9999.0 1165.323564 1114.157806 921.994029 729.937389 714.710414 703.695133 812.933603 956.910499 938.659102 817.469364 716.919144 907.444288 715.508977 603.890624 545.579430 278.802946 310.700212 504.461387 828.806269 809.378489 525.581221 524.620575 663.756267 779.743657 798.183579 806.520352 817.111357 719.709605 715.385651 -9999.0 -9999.0
-9999.0 -9999.0 1123.953924 915.601206 922.264211 717.447946 606.752245 648.392763 739.575255 855.886596 774.282661 789.428250 711.086628 711.950235 709.329026 534.181356 512.957444 425.625690 369.415316 371.554018 702.105870 745.161516 442.580215 523.150346 650.098681 712.318326 1113.168116 905.386982 846.688535 720.746203 710.631658 -9999.0 -9999.0
-9999.0 -9999.0 1189.215068 1125.104364 917.686618 714.069723 646.139095 649.704560 675.785326 782.170682 772.349285 784.821603 798.243449 701.830420 665.019015 627.131725 586.818910 468.902028 408.844749 206.879320 297.045173 542.451557 706.661319 705.021316 704.976044 717.753348 903.579226 908.411459 735.878893 717.883407 712.895538 -9999.0 -9999.0
-9999.0 -9999.0 1107.134236 914.226479 913.773199 910.054225 1127.815545 725.942704 713.481938 711.302119 711.292298 790.889773 905.312853 778.438456 656.091769 635.405444 754.706904 553.006464 346.350793 196.583107 363.547133 906.703522 1147.846539 912.645281 715.100003 710.600002 713.015128 713.744161 713.579505 709.733428 708.216599 -9999.0 -9999.0
-9999.0 -9999.0 1221.003591 1134.054375 1129.973966 1147.540226 1163.254235 913.538947 904.352077 923.461798 912.208597 715.488335 786.601990 671.131347 637.626563 624.024468 743.836803 538.830924 313.219065 238.306499 304.030259 432.369733 987.721049 923.432491 708.723328 706.123211 704.610929 705.075223 705.870664 707.829415 708.790050 -9999.0 -9999.0
-9999.0 -9999.0 1219.973187 1105.404677 1146.442507 1181.772919 1248.460280 1196.136985 901.079991 1118.450176 1125.982358 934.555796 950.266634 681.337802 628.867303 628.245127 729.548072 522.672892 214.465313 127.885528 537.144523 738.948053 556.419419 711.704133 658.978893 664.215892 649.116575 659.592644 656.494610 702.750453 659.144825 -9999.0 -9999.0
-9999.0 -9999.0 1271.515130 1221.395733 1120.277827 1196.368747 1195.371867 1182.716717 1148.192590 1155.920456 1138.839518 1102.051728 927.640812 662.206912 633.783502 764.017107 731.072584 561.376303 401.664817 318.513310 715.365438 750.775274 555.084067 938.171821 711.930040 709.557292 703.861014 707.811982 706.507792 710.186218 708.745963 -9999.0 -9999.0
-9999.0 -9999.0 1308.422424 1268.716739 1247.523343 1144.028910 1277.311645 1246.553869 1209.627207 1169.262719 1191.787989 1110.955101 717.656663 634.706576 591.512564 754.437603 674.254273 637.947460 915.745531 537.957009 839.472730 759.327341 701.624523 968.939632 1123.757227 907.326951 907.216131 909.656104 1108.962025 719.294940 664.796129 -9999.0 -9999.0
-9999.0 -9999.0 1464.470229 1347.407108 1307.651224 1268.952634 1224.427241 1201.554659 1155.370960 1134.960989 1108.482274 1106.189956 716.234323 710.848152 774.450469 744.656850 947.908987 794.944309 709.700388 537.806985 706.092245 730.643647 547.672533 952.588465 1112.202358 1109.516448 1121.788204 1119.984675 908.739459 712.885578 935.230464 -9999.0 -9999.0
-9999.0 -9999.0 1229.582532 1242.274680 1224.569980 1202.067446 1140.261581 1155.001548 913.999513 906.338527 837.234095 1100.586740 1130.646922 938.689027 818.599439 937.023830 941.509357 784.504666 666.163704 521.491656 517.885675 223.337145 388.836545 926.908239 935.945966 916.250280 1132.350552 1100.853658 1146.999983 1111.198401 925.581297 -9999.0 -9999.0
-9999.0 -9999.0 1270.674456 1179.020484 1230.272711 1233.759349 1213.893403 1176.536955 914.530329 911.555215 713.570047 1122.191265 1119.467573 578.534081 795.201803 811.127547 878.720798 932.950367 768.682894 594.285641 446.737408 118.231524 334.296480 707.840497 931.059256 1117.127698 1140.743067 1140.061470 1125.575963 1106.338578 938.878409 -9999.0 -9999.0
-9999.0 -9999.0 1139.893675 1242.593859 939.358834 1248.047915 1211.796721 1257.998944 915.970197 1165.512163 744.163211 1117.857342 1113.077180 700.152668 779.235528 789.100692 799.348614 819.256825 769.787776 662.497239 530.465141 392.516050 346.478570 527.565191 926.995874 941.940308 940.759275 1107.423789 1111.440658 931.846801 921.244392 -9999.0 -9999.0
-9999.0 -9999.0 1316.908121 1323.931004 1319.538109 1464.010918 1492.728123 1507.206807 1390.963969 1370.244691 1302.498921 1285.547246 1176.848207 903.770468 816.505140 781.829501 767.427091 785.923882 739.323990 540.956810 365.425638 384.942220 358.139865 514.854706 710.900769 925.721126 929.843540 942.589224 934.375523 931.566735 939.877868 -9999.0 -9999.0
-9999.0 -9999.0 1315.118140 1330.786808 1357.644154 1702.303901 2265.575462 1901.691178 1922.587704 1653.448575 1712.641901 1430.301023 1370.043952 1145.809228 989.817656 972.030758 944.407082 778.579337 537.941234 465.021672 339.725049 344.151464 420.212016 518.952149 653.810354 911.404797 927.413690 930.211320 940.221511 931.188563 913.636742 -9999.0 -9999.0
-9999.0 -9999.0 1331.770336 1322.114424 1304.326611 1501.051519 1887.416976 1613.998421 1613.854025 1379.061799 1366.303930 923.771309 1111.989384 881.819136 938.474799 935.383317 933.249003 769.757615 614.756204 465.762446 363.929740 358.081409 423.204282 516.828644 705.919627 903.811785 907.172054 901.210748 905.335773 917.520522 927.555831 -9999.0 -9999.0
-9999.0 -9999.0 1305.644537 1274.024533 1106.394613 1067.489919 770.747960 927.759760 720.060233 808.176357 553.160432 443.608464 902.927115 973.248387 1093.303565 1153.376764 929.218731 769.770355 617.312811 487.184900 412.673526 301.933850 508.158042 523.649220 909.097679 712.482074 715.895508 709.154463 538.499198 660.368300 708.353193 -9999.0 -9999.0
-9999.0 -9999.0 1307.435957 1180.205423 938.048351 422.180409 216.994689 247.102522 210.914655 201.876307 176.891844 694.004126 728.204022 918.231676 1064.256616 1126.505489 942.484991 783.066029 756.144243 579.551955 443.838676 400.635284 468.363918 518.922040 708.759373 710.221443 703.050600 650.615292 642.625925 648.177825 709.453084 -9999.0 -9999.0
-9999.0 -9999.0 1280.210946 1135.716793 596.663876 492.161686 183.331674 147.487167 1305.716918 1134.206752 940.283158 1148.207495 1377.247025 1332.754277 1201.520053 1120.162725 926.338146 785.005669 770.914846 607.025137 570.510172 352.095959 517.235754 518.271901 523.316638 524.109455 601.741034 651.458641 707.740932 657.677364 670.832962 -9999.0 -9999.0
-9999.0 -9999.0 1382.060437 1243.465630 853.409017 931.829080 1063.174063 1050.743928 1079.689146 1079.241851 1103.921421 1078.248305 1328.508059 1344.194130 1153.094556 938.259057 926.403779 787.073796 761.603659 623.157868 567.774570 547.736135 515.284104 631.599406 645.874301 636.915110 613.910918 655.767017 708.048230 709.100884 722.987933 -9999.0 -9999.0
-9999.0 -9999.0 1116.800667 900.530860 966.047066 1136.334364 1660.384113 1651.342083 1664.330997 1664.990872 1710.427773 1548.516307 1193.024549 1314.417877 1149.095060 913.949081 917.240502 785.523094 772.101298 764.891892 559.967131 556.310148 630.500010 770.942960 800.355544 689.812088 901.033856 711.804998 1112.143218 714.416571 712.164178 -9999.0 -9999.0
-9999.0 -9999.0 909.099670 860.864730 888.661429 957.095899 1184.449335 1163.291275 1161.810548 1504.761083 1544.189923 1512.005566 1507.180263 1320.960505 1139.640362 1132.471528 922.092279 949.311262 772.042468 735.267961 718.142424 736.229026 764.330514 775.744932 788.298518 812.476947 843.073387 856.797253 901.106955 846.736519 839.432587 -9999.0 -9999.0
-9999.0 -9999.0 1322.297013 1148.888577 846.552892 905.454769 901.940350 1000.692230 930.572809 1360.595033 1390.165195 1342.917616 1301.085812 1287.379184 986.433158 940.280749 917.250215 926.815891 937.315394 899.289347 823.006400 908.669278 946.452467 801.454713 721.562381 837.098073 968.497556 988.371979 1065.162039 976.859144 822.979028 -9999.0 -9999.0
-9999.0 -9999.0 914.754826 898.465026 796.243134 841.304320 874.533465 981.700189 1154.567827 1309.087457 1182.833791 1150.345131 1112.224976 1080.820313 875.247928 817.857737 762.844321 734.370890 713.737294 677.703362 1130.420533 1138.234710 876.652778 960.076984 981.067434 975.877934 963.038906 987.246020 971.778727 922.868930 839.636100 -9999.0 -9999.0
-9999.0 -9999.0 1148.059896 1154.918789 1138.574917 988.504324 918.353303 1148.550772 1344.004379 1310.309950 1117.928143 1098.753398 999.108463 930.861211 811.171319 781.355650 740.799426 717.990433 560.223201 1060.410022 1114.992830 1137.871856 928.185005 1155.535300 1167.694933 1126.936237 1034.401392 955.044702 904.904232 812.229194 777.936765 -9999.0 -9999.0
-9999.0 -9999.0 1105.392755 1118.809306 1127.248780 1140.067319 1178.295678 1342.623379 1309.955571 1215.357350 937.158852 975.903125 966.259486 827.219357 788.131256 769.029454 729.082482 690.936071 948.346477 947.824723 922.547975 995.941945 1093.902479 1119.115349 1123.809975 1014.603328 1003.705692 904.947027 934.780022 708.557906 906.606870 -9999.0 -9999.0
-9999.0 -9999.0 958.480370 992.283774 1120.360872 1339.057424 1329.723458 1309.821626 1228.202848 1149.556687 940.884319 945.792202 875.259394 800.863225 773.332423 736.661993 578.947189 504.860541 909.193680 857.121368 842.379032 916.202781 936.762625 941.936726 939.804078 931.842929 904.564644 786.015651 701.070022 639.538599 649.386615 -9999.0 -9999.0
-9999.0 -9999.0 988.492737 1141.747523 1122.856449 1330.983700 1329.118953 1307.964610 1141.972046 1020.777533 950.039194 942.745041 810.013231 782.420194 775.145503 920.282824 918.786079 903.882174 866.628440 737.291307 626.212221 731.847044 761.919674 776.009975 782.036332 798.121943 783.973398 633.264891 614.270446 593.871791 631.538384 -9999.0 -9999.0
-9999.0 -9999.0 908.160345 971.276099 1118.834454 1264.343587 1300.317331 1237.998877 1135.605382 977.482820 923.684511 872.763689 773.549119 742.666878 709.006028 702.609074 666.297782 751.100610 831.270163 636.058018 524.207377 535.087887 707.174511 635.016878 652.393314 746.850010 750.242400 614.141511 559.016407 575.140186 593.884028 -9999.0 -9999.0
-9999.0 -9999.0 897.767670 994.079222 1047.949512 1104.062880 1103.803144 1100.644826 1048.140803 945.889930 883.676098 773.558683 569.908727 551.559734 539.392653 526.423947 512.674682 571.649240 708.929241 910.485255 549.174094 705.719129 708.887806 708.183062 633.435350 658.571076 736.596451 749.458614 594.307516 595.025368 643.100356 -9999.0 -9999.0
-9999.0 -9999.0 880.587320 905.944745 838.909559 912.122066 931.334158 905.697697 943.005736 945.516059 928.521252 771.289505 579.362585 352.489686 379.291609 366.137039 519.688613 524.961941 524.277944 710.876353 927.451789 912.573257 907.654357 906.455879 911.535719 705.014162 804.870718 771.369122 712.878802 765.671827 758.812551 -9999.0 -9999.0
-9999.0 -9999.0 815.097489 821.635125 724.877710 777.237274 906.950547 882.935759 901.229430 901.571316 859.853014 764.821502 607.802381 574.871248 570.805407 506.353312 531.897131 518.009791 520.844523 372.912515 931.031108 719.204466 915.858534 717.481464 711.155456 708.338787 789.038762 802.389346 959.982402 944.461178 794.284905 -9999.0 -9999.0
-9999.0 -9999.0 660.936845 641.084671 606.854301 668.133577 720.531951 744.810842 756.899791 706.159819 751.032015 748.133821 602.641194 603.899272 612.212675 614.799565 631.180659 627.369972 625.175499 604.106654 911.406486 929.599204 1111.237480 713.182206 707.434352 659.659047 658.175437 765.618717 790.341432 771.144139 771.460164 -9999.0 -9999.0
-9999.0 -9999.0 519.980785 1125.405788 715.849058 988.658668 725.099285 698.236627 739.996972 702.227913 700.735951 637.479755 591.019228 600.698236 617.814108 624.851473 627.440481 622.465409 620.226915 609.673977 715.823205 907.264791 920.620455 920.504130 713.791490 711.066212 706.259571 648.732270 753.357250 741.796133 739.031776 -9999.0 -9999.0
-9999.0 -9999.0 540.598650 946.269152 908.347162 1149.763635 1216.019374 938.689252 667.594716 572.573625 505.591821 558.549303 561.765731 605.845519 642.188272 641.985765 634.089630 631.700082 595.927548 530.628007 921.094119 971.970086 968.999154 941.629435 941.451677 908.180062 531.205468 702.706902 707.480612 642.290869 621.417814 -9999.0 -9999.0
-9999.0 -9999.0 532.660556 945.014107 1036.287599 1163.195000 1197.034217 1115.065129 711.370369 535.313476 506.379311 447.019972 758.168869 767.698592 773.338318 780.090097 780.491320 773.228641 648.282360 642.144314 712.383939 921.948861 714.854518 716.604492 710.787360 390.956769 520.076625 526.577705 650.877962 629.908348 633.775084 -9999.0 -9999.0
-9999.0 -9999.0 343.782200 294.008159 966.907777 1116.128231 1143.097599 740.361756 712.160423 508.736024 507.541505 757.850095 752.574419 769.884579 837.310587 785.567048 756.398682 752.463053 771.168628 648.078794 523.848645 710.305227 708.785776 675.509615 780.565601 608.563195 607.153818 629.393502 640.624959 625.279060 603.420666 -9999.0 -9999.0
-9999.0 -9999.0 511.892910 827.101736 936.978680 974.758979 937.974561 409.186113 508.397439 570.014554 503.952981 727.281588 730.679456 743.403871 762.798591 740.566173 636.291545 635.530517 647.633356 633.026947 631.076279 529.459884 646.272963 663.108395 768.328287 766.365100 626.205268 614.603707 533.633416 593.886485 607.190504 -9999.0 -9999.0
-9999.0 -9999.0 286.165137 743.776816 831.191401 809.973972 177.735576 321.288233 484.909521 504.051423 506.738738 530.553395 549.550521 566.235519 588.210054 621.696297 903.968215 529.358308 629.954982 639.238585 628.183143 643.933642 642.653922 773.702014 764.880158 766.493667 665.532164 601.310689 510.949595 525.324651 582.070550 -9999.0 -9999.0
-9999.0 -9999.0 262.399765 701.291551 718.096531 727.386481 700.338265 267.464036 302.587936 320.057042 443.829614 471.636316 489.659959 549.523434 570.751254 614.091234 700.876858 661.652320 661.875438 772.793946 763.857820 760.990407 757.603618 746.021484 741.855655 748.640784 769.815788 620.780748 594.694502 606.316058 617.412331 -9999.0 -9999.0
-9999.0 -9999.0 145.478617 305.251319 214.485569 576.651429 682.561036 562.249309 338.647422 284.470291 225.683590 304.843931 413.357129 550.584375 534.803809 643.322831 712.294774 786.186185 776.436958 771.464320 953.138479 951.718543 948.474373 951.105094 953.518677 953.218463 768.047274 750.962135 761.998554 762.130862 764.857949 -9999.0 -9999.0
-9999.0 -9999.0 299.059705 282.405295 163.206328 269.546087 303.452640 306.872181 335.895764 112.995559 112.759043 106.283695 413.741755 732.965484 773.600209 916.973204 948.621456 944.014437 952.564193 951.234805 930.055560 858.578141 848.787043 851.333264 849.064892 929.159520 951.819394 948.413323 720.789536 759.023641 770.042303 -9999.0 -9999.0
-9999.0 -9999.0 284.595108 256.702829 178.529414 225.697436 266.837113 264.078833 242.047304 225.421686 541.895534 109.598340 439.589151 904.483521 915.649866 1039.788352 1135.202266 1118.058937 949.854160 940.590169 926.786090 787.429058 775.689497 779.184644 798.837482 918.814130 916.372990 912.237070 927.863047 720.516845 760.910079 -9999.0 -9999.0
-9999.0 -9999.0 292.106967 231.030423 142.983879 116.464390 189.270830 211.674378 319.143320 526.900287 524.101447 107.236806 374.122850 606.762838 641.293795 769.815881 885.612250 893.697691 855.079897 826.505262 808.691541 742.419186 734.926134 738.072393 743.078274 722.843293 672.452797 669.395510 743.786222 891.069349 782.023934 -9999.0 -9999.0
-9999.0 -9999.0 319.260251 328.105334 361.616959 287.381619 104.478724 147.880954 442.438703 508.380987 500.374186 0.000000 313.050442 364.465168 342.394439 545.093447 707.147379 681.167580 618.152596 615.263699 586.075121 581.689741 550.075771 576.693415 568.990995 512.003955 420.397100 466.733912 511.517841 768.058414 948.246247 -9999.0 -9999.0
-9999.0 -9999.0 -9999.0 -9999.0 -9999.0 -9999.0 -9999.0 -9999.0 -9999.0 -9999.0 -9999.0 -9999.0 -9999.0 -9999.0 -9999.0 -9999.0 -9999.0 -9999.0 -9999.0 -9999.0 -9999.0 -9999.0 -9999.0 -9999.0 -9999.0 -9999.0 -9999.0 -9999.0 -9999.0 -9999.0 -9999.0 -9999.0 -9999.0