oms3_prj_geotop/oms3.prj.geotop/data/Panola_sim_52/output_maps/prof_falda0011.asc
ncols         33
nrows         53
xllcorner     0.000000
yllcorner     0.000000
cellsize      1.000000
NODATA_value  -9999.0
-9999.0 -9999.0 -9999.0 -9999.0 -9999.0 -9999.0 -9999.0 -9999.0 -9999.0 -9999.0 -9999.0 -9999.0 -9999.0 -9999.0 -9999.0 -9999.0 -9999.0 -9999.0 -9999.0 -9999.0 -9999.0 -9999.0 -9999.0 -9999.0 -9999.0 -9999.0 -9999.0 -9999.0 -9999.0 -9999.0 -9999.0 -9999.0 -9999.0
-9999.0 -9999.0 1223.796169 1184.665853 1169.883666 1165.114024 1187.737641 1185.620434 1172.698097 1172.102843 1161.250897 1159.589228 1159.140112 1154.357001 1158.849001 1149.659090 1145.847598 1145.538525 1147.797687 1162.579720 1162.828177 1173.527293 1173.939311 1173.641922 1173.143259 1173.946963 1187.516431 1175.884480 1164.146252 1147.473434 1138.875150 -9999.0 -9999.0
-9999.0 -9999.0 1166.336130 1156.394789 1152.100536 1158.434396 1182.936870 1176.110450 1159.821521 1153.451723 1146.318439 1143.897944 1141.642634 1139.187705 1136.121146 1123.435277 1114.930885 1113.334925 1118.683680 1126.551023 1133.186634 1141.445866 1142.229532 1137.682851 1133.966058 1135.967820 1142.387476 1159.932822 1152.074785 1141.973854 1129.085607 -9999.0 -9999.0
-9999.0 -9999.0 1128.852371 1135.637562 1143.660183 1163.575862 1219.042937 1176.967253 1162.935421 1146.741172 1147.896071 1139.483031 1144.860678 1138.777834 1148.336356 1119.137607 1100.977667 1104.798001 1107.134271 1117.089850 1129.149986 1131.461215 1149.635796 1123.190158 1117.899345 1120.060359 1120.807187 1152.797336 1219.142493 1127.530799 1103.907996 -9999.0 -9999.0
-9999.0 -9999.0 1121.636132 1122.620932 1129.552686 1144.452615 1163.776120 1152.294058 1138.464696 1129.812292 1126.696674 1124.164438 1124.807054 1124.930529 1124.733105 1113.731216 1102.596586 1102.596117 1103.812133 1110.483829 1114.085123 1110.821812 1105.468272 1102.329578 1104.154153 1106.575601 1111.382407 1120.796509 1128.279892 1112.012869 1101.928393 -9999.0 -9999.0
-9999.0 -9999.0 1115.200395 1115.427672 1118.624970 1125.716162 1138.513348 1127.687294 1117.481735 1113.795931 1111.066281 1111.596627 1111.421888 1113.267561 1115.922144 1109.893577 1115.571498 1100.000000 1095.653456 1103.064187 1123.104403 1088.069462 1004.291344 1041.252445 1081.595990 1092.604620 1088.121095 1102.842870 1094.991937 1100.555152 1078.748177 -9999.0 -9999.0
-9999.0 -9999.0 1117.897706 1111.343366 1109.942553 1111.053925 1113.247976 1109.938883 1105.269652 1102.664914 1101.527143 1102.415233 1103.305914 1104.008566 1103.512189 1099.768289 1069.182780 930.636192 1009.436997 1047.695234 1081.983673 1013.773439 963.675644 992.143164 1046.552757 1072.662155 1083.156016 1093.938605 1082.290831 1084.145825 1074.041654 -9999.0 -9999.0
-9999.0 -9999.0 1110.292389 1105.111779 1102.723493 1101.684379 1101.902308 1093.694374 1078.481212 1070.253140 1065.876327 1081.020825 1087.030713 1091.966451 1072.030502 1032.171413 970.708847 946.979316 910.476910 977.567867 1056.302258 967.902627 912.223795 977.740102 1071.551263 1082.508828 1093.131161 1094.905138 1093.639022 1089.660348 1073.345288 -9999.0 -9999.0
-9999.0 -9999.0 1116.172444 1105.015393 1093.412308 1055.319812 1030.392812 1016.119188 1020.273310 1040.557174 1040.011491 1053.270834 1071.479040 1071.373665 1049.930019 1008.759262 963.317072 941.253160 928.501784 941.595242 956.552503 931.805660 924.368018 973.277258 1052.770543 1082.668539 1097.886230 1102.145411 1099.574595 1101.110986 1097.736025 -9999.0 -9999.0
-9999.0 -9999.0 1108.536947 1100.163018 1068.953929 1027.861261 953.152657 980.944092 974.878707 1000.291092 980.418096 1042.999239 1083.526378 1072.817357 1058.350196 1012.502563 971.222648 953.569254 973.834632 931.289578 900.570245 926.437814 924.851697 1000.112547 1063.060358 1102.520639 1120.084532 1115.666608 1124.013558 1103.250262 1072.233972 -9999.0 -9999.0
-9999.0 -9999.0 1123.652769 1107.287665 1095.530499 1059.392582 1023.698701 1026.768670 1024.880287 1030.221813 1036.154919 1049.048422 1058.778814 1054.876204 1041.016206 1006.533464 969.116520 936.586447 924.495755 918.242502 931.645458 980.578759 1020.049677 1051.172275 1079.421560 1103.413768 1109.116653 1108.885416 1107.863912 1101.916078 1089.738663 -9999.0 -9999.0
-9999.0 -9999.0 1109.144127 1102.654246 1095.994588 1096.657430 1112.136880 1100.273128 1087.930864 1078.462969 1086.774582 1065.207529 1025.121349 1036.227170 1030.556716 998.424242 973.106068 918.069102 149.174334 911.286451 987.012834 1060.160942 1223.168681 1115.896060 1105.006974 1101.100413 1093.965022 1097.429521 1081.163379 1075.745547 1054.477232 -9999.0 -9999.0
-9999.0 -9999.0 1123.495559 1111.165603 1108.458187 1113.227467 1122.490776 1116.299421 1109.182202 1103.990167 1100.964962 1082.560927 1051.513482 1037.071771 1012.222335 980.569946 956.232360 918.777663 853.464608 905.566716 935.790454 1002.879757 1108.879977 1104.742811 1100.738656 1080.477974 1058.222682 1051.765457 1049.694043 1058.131574 1067.901442 -9999.0 -9999.0
-9999.0 -9999.0 1117.350828 1111.768679 1113.017100 1122.044353 1150.647709 1131.424620 1113.184780 1110.534917 1109.020163 1102.993517 1101.480695 1044.580519 995.329667 971.938166 943.703973 941.599923 939.573329 910.862573 798.155906 925.515682 973.939857 1058.512444 1068.587324 1063.255116 1028.879938 1046.060914 1038.326375 1055.867614 1045.795843 -9999.0 -9999.0
-9999.0 -9999.0 1133.914059 1114.660308 1114.977454 1124.881902 1136.890465 1134.029514 1120.437789 1117.297132 1112.774270 1104.740261 1084.199397 1015.227610 981.365339 979.326690 982.902737 988.669464 981.201162 940.405486 910.744641 919.935487 959.445654 1033.059246 1063.910117 1077.133145 1067.576116 1072.773437 1067.758317 1085.925723 1085.493368 -9999.0 -9999.0
-9999.0 -9999.0 1162.507073 1135.321579 1124.257910 1126.363433 1148.324988 1132.567861 1123.926055 1119.905522 1134.301715 1105.926091 1025.689878 998.582190 949.671913 995.184000 1044.457129 1046.227217 1061.874509 999.728305 974.299179 919.141672 986.561676 1068.683141 1125.249414 1114.826161 1120.491174 1111.987859 1121.730758 1097.067938 1063.289046 -9999.0 -9999.0
-9999.0 -9999.0 1311.771488 1240.424634 1165.289398 1131.703825 1119.100443 1116.862751 1111.996433 1111.252641 1115.953908 1104.586830 1060.900503 1037.734900 1011.715756 1022.980436 1058.638162 1052.793212 1046.290872 1001.856262 953.879103 925.520751 962.551199 1057.372948 1115.533013 1127.220312 1129.858554 1125.256346 1121.370728 1107.779425 1100.846482 -9999.0 -9999.0
-9999.0 -9999.0 1110.752956 1112.067099 1111.496785 1110.709390 1102.636888 1106.283466 1096.871774 1104.157471 1103.426503 1106.557272 1123.279096 1098.034149 1069.846124 1050.653970 1039.903954 1040.875953 1015.032492 985.019006 942.806970 735.926839 937.519471 1039.297360 1112.882281 1127.037636 1142.552370 1124.667322 1115.915070 1104.623873 1079.086956 -9999.0 -9999.0
-9999.0 -9999.0 1129.400810 1105.976726 1118.185622 1115.398927 1112.073355 1107.921174 1103.596654 1100.857881 1103.819461 1106.607001 1118.947904 1105.284336 1083.670796 1046.687534 1026.173850 1042.749364 1018.015893 974.042505 926.584212 907.755636 940.229422 1023.050928 1102.884496 1115.428881 1120.059388 1114.828969 1109.334288 1103.826310 1092.934314 -9999.0 -9999.0
-9999.0 -9999.0 1124.249816 1129.237102 1115.888104 1165.720009 1147.633985 1163.300008 1103.803587 1116.560620 1094.038445 1112.224599 1108.529109 1104.735675 1065.500612 1040.660414 1020.257733 1024.156414 1048.753886 972.289999 558.461112 918.932792 952.524952 1020.314749 1101.850696 1105.913511 1103.030474 1106.750651 1106.316782 1102.086369 1078.949477 -9999.0 -9999.0
-9999.0 -9999.0 1173.085458 1193.634094 1178.987384 1308.331639 1324.393866 1338.570534 1300.685667 1282.588299 1197.353447 1198.725278 1143.025256 1116.560878 1089.646888 1039.501668 1016.368274 1018.539000 1014.159626 960.005313 918.441377 919.338714 944.375339 999.586248 1073.559331 1100.385238 1100.337179 1101.779728 1101.933556 1100.691740 1098.905053 -9999.0 -9999.0
-9999.0 -9999.0 1170.408236 1196.349457 1246.701843 1517.660110 2169.067658 1708.759912 1757.569619 1511.721040 1596.532429 1342.686184 1328.816594 1148.648343 1097.356557 1061.477044 1013.165624 1009.777463 1004.480598 953.622980 910.014465 904.105286 926.561631 989.416121 1046.709381 1075.264241 1085.051390 1084.840304 1092.204245 1082.035356 1065.266601 -9999.0 -9999.0
-9999.0 -9999.0 1220.982985 1213.444772 1173.534863 1344.252559 1730.353471 1516.852840 1528.629310 1327.097338 1356.345036 1168.115708 1135.698724 1091.616192 1052.525502 1075.541754 1024.154105 1012.609485 990.779541 947.739989 912.583837 909.136735 933.634506 992.250107 1039.612963 1056.451469 1051.434961 1040.603118 1039.621665 1062.547777 1087.683991 -9999.0 -9999.0
-9999.0 -9999.0 1170.132372 1146.013195 1100.067547 1118.435954 944.692983 1070.195427 916.170190 968.916131 768.992654 850.226106 983.537075 1042.883551 1170.180590 1178.032104 1073.358931 1030.372140 994.575455 956.565547 921.771802 841.014622 969.301917 1012.468913 1066.234748 1045.623003 1024.850407 1009.877359 981.559643 1004.575762 1053.200143 -9999.0 -9999.0
-9999.0 -9999.0 1218.850181 1132.280699 999.380981 940.141204 718.408217 128.442959 307.511956 304.400548 281.810144 530.435151 927.278840 1049.153711 1186.203719 1169.092563 1076.910494 1030.508948 1006.959146 968.731389 922.715442 907.727642 948.937494 1005.087364 1032.035337 1019.915220 1007.047096 1012.203459 1022.447252 1031.100105 1092.553381 -9999.0 -9999.0
-9999.0 -9999.0 1196.047977 1117.079854 983.915592 975.021339 996.593743 350.769835 1346.856379 1115.159201 1258.518944 1131.107938 1393.814916 1345.546730 1292.104741 1166.445610 1013.885886 1022.402484 1036.678459 988.698605 958.423935 804.362407 986.156297 1004.482612 1006.655471 1003.355364 972.977008 1040.947868 1101.334607 1064.006390 1059.504371 -9999.0 -9999.0
-9999.0 -9999.0 1318.238022 1248.531851 1082.967168 1102.628972 1131.133074 1263.956894 1294.169024 1292.238941 1332.793726 1303.786795 1384.614595 1359.790638 1221.824346 1030.512574 996.927308 1018.423334 1017.183943 979.867484 937.423852 912.878319 961.882697 1008.377910 1026.241096 1028.134080 1028.101994 1072.149941 1101.386431 1100.067294 1110.000643 -9999.0 -9999.0
-9999.0 -9999.0 1114.624828 1101.399820 1049.500660 1182.396214 1666.893188 1657.618225 1669.999640 1669.715410 1713.441178 1559.821784 1268.503111 1339.808644 1198.013190 1077.976666 1031.868136 1029.740639 1012.775676 973.970941 927.952009 935.076845 973.502281 1025.060384 1073.770040 1071.722517 1076.025906 1097.903571 1117.231233 1096.694227 1090.805035 -9999.0 -9999.0
-9999.0 -9999.0 1143.938265 1098.894483 1002.656739 1063.058418 1283.304276 1262.134834 1260.926087 1503.722463 1549.002120 1515.311559 1509.998141 1343.891377 1177.890869 1156.911900 1058.048147 1043.595774 1006.785950 970.214474 946.492448 953.015852 986.051674 1029.256416 1074.332596 1090.606618 1099.158011 1109.218908 1119.473931 1103.568738 1104.435611 -9999.0 -9999.0
-9999.0 -9999.0 1302.060472 1180.738956 1066.114652 1039.955793 1113.556796 1116.554244 1187.073830 1380.136980 1396.658411 1349.221711 1305.987853 1295.590748 1041.843002 995.459252 1005.118180 1018.848725 1040.297438 1013.149678 972.234207 1014.646757 1013.041052 1044.997366 1074.817332 1100.796210 1106.072297 1112.542894 1112.001024 1100.188263 1093.903458 -9999.0 -9999.0
-9999.0 -9999.0 1137.511241 1112.419521 1068.825686 1064.801730 1108.179813 1118.223466 1206.400327 1315.974334 1189.820241 1162.389697 1129.115331 1101.762024 968.535048 934.456072 908.663173 877.449562 970.271560 1026.264618 1144.944377 1152.948423 1048.416296 1101.442739 1119.630399 1116.701664 1107.888735 1112.627573 1081.722549 1069.424125 1092.955332 -9999.0 -9999.0
-9999.0 -9999.0 1168.234912 1184.380053 1158.127180 1113.019417 1149.135543 1201.775806 1351.079425 1311.975183 1128.097865 1108.251479 1091.053536 1042.208217 1014.695065 978.814784 940.193625 959.262930 985.785453 1075.732144 1125.668105 1154.965889 1126.927206 1187.717238 1206.290337 1154.134332 1153.112713 1113.423054 1143.828953 1085.370881 1061.072684 -9999.0 -9999.0
-9999.0 -9999.0 1119.393536 1141.748367 1147.657563 1186.147231 1257.787123 1352.358545 1306.751584 1221.877949 948.828039 1026.194246 1056.297776 1043.588362 1019.049944 995.892868 974.394648 961.159283 971.848870 954.616421 935.596347 1010.396693 1106.853694 1136.067935 1146.161442 1107.518360 1112.877111 1104.049450 1103.792127 1050.898130 1066.465241 -9999.0 -9999.0
-9999.0 -9999.0 1041.214105 1101.940378 1137.591411 1346.691491 1339.294145 1308.504845 1194.826120 1169.053784 1003.016500 1028.300041 1018.508802 1026.323219 1012.894438 1014.444671 1027.617005 954.242004 820.680561 829.094059 817.034850 907.944061 960.088300 1022.599097 1037.766404 1044.327885 1017.239441 1024.659130 988.024697 982.588807 1000.455146 -9999.0 -9999.0
-9999.0 -9999.0 1093.580252 1164.603165 1142.092953 1337.513653 1337.019100 1316.016699 1172.534692 1057.413127 1023.440475 1016.869113 1009.064210 1002.713786 998.840465 1025.939514 1014.741051 715.202865 704.764884 926.689763 922.411078 946.230000 981.459237 1008.797054 1018.102845 1008.847661 985.642410 962.026482 951.125787 952.774366 1002.075294 -9999.0 -9999.0
-9999.0 -9999.0 991.149777 1058.631097 1131.805320 1267.400354 1304.647441 1240.716440 1152.638832 1011.538317 963.537291 956.371274 982.357306 985.612299 969.163691 977.531313 950.477679 983.340001 1111.447424 1011.720374 956.361475 970.093208 984.488192 1010.857427 1007.738304 1005.518628 977.515281 958.122872 926.712960 946.537812 969.824767 -9999.0 -9999.0
-9999.0 -9999.0 1050.800514 1050.933553 1052.719214 1112.350580 1111.921929 1106.930745 1052.881835 975.806433 948.146824 955.035553 972.051284 987.553215 1014.407168 1004.896336 1004.047241 1032.755543 1080.341910 1022.075101 992.877471 1003.895439 1026.132232 1042.181324 1044.534014 1040.771879 1018.813045 1004.403205 981.700085 974.981810 1011.189009 -9999.0 -9999.0
-9999.0 -9999.0 884.329257 909.007019 838.110335 929.952144 947.981566 912.231952 919.305523 928.313191 937.298420 948.667108 954.247846 997.217780 1027.856936 1044.864502 1072.766470 1034.248979 980.507720 1006.933116 1005.753362 1046.425100 1084.970231 1088.257609 1088.460063 1089.906749 1101.224831 1061.380689 1069.839971 1009.007674 989.036445 -9999.0 -9999.0
-9999.0 -9999.0 1042.536254 1038.615963 923.597799 868.571142 878.741895 844.572132 799.834230 764.816234 726.556323 922.079645 958.698877 999.381301 1039.014164 1057.612191 1063.565632 1035.235417 1008.065892 1021.149326 1044.651052 1070.071805 1090.465589 1095.821026 1101.420861 1097.588771 1093.055948 1065.419258 1071.384714 1038.711834 1024.445063 -9999.0 -9999.0
-9999.0 -9999.0 1030.259771 1009.953070 973.191539 1000.169286 950.712049 670.672078 612.874773 544.770471 461.592526 915.808987 953.593728 996.185425 1029.141440 1051.332410 1052.162558 1039.564409 1037.455697 1046.041217 1085.831920 1103.163663 1122.693392 1107.158109 1100.971697 1075.888875 1050.574637 1033.750884 1001.220042 987.984361 990.948753 -9999.0 -9999.0
-9999.0 -9999.0 949.255903 1159.494961 1046.337817 1070.366955 1054.771424 945.987002 409.215958 322.078150 240.672199 905.094325 946.536475 986.831759 1021.243782 1037.220692 1035.121024 1025.298677 1023.287047 1034.952705 1066.388262 1100.305779 1106.989477 1100.939950 1071.407422 1039.634205 1023.533057 1018.657668 1014.327435 1002.406761 1013.151140 -9999.0 -9999.0
-9999.0 -9999.0 945.178882 1056.934533 1074.443002 1143.019359 1240.508507 1108.822017 972.325274 759.630313 0.000000 758.728006 921.835712 974.889912 1022.803776 1031.516983 1020.804991 1015.387893 986.966861 1016.686764 1027.803112 1062.757871 1081.810592 1062.070842 1018.548074 1011.652552 994.544672 1018.677178 1043.730223 1020.662148 1003.712351 -9999.0 -9999.0
-9999.0 -9999.0 987.223913 1055.425762 1107.534227 1160.904245 1214.260644 1141.399466 1044.581929 943.062946 762.003287 0.000000 827.637764 953.490254 1007.132352 1027.027197 1030.256260 1028.138562 1018.816290 1019.504152 1020.777228 1031.084016 1038.303933 1030.620299 1015.308842 1006.055203 1003.949119 1024.040030 1046.072402 1029.880415 1034.153395 -9999.0 -9999.0
-9999.0 -9999.0 956.574164 1014.830011 1100.247523 1139.683710 1208.437381 1124.054895 1027.332453 947.001498 796.685768 737.093550 711.660889 920.231550 1005.797608 1027.983802 1042.722130 1048.802801 1067.965060 1035.724505 1013.008466 1017.625132 1021.231662 1022.155081 1023.568560 1013.274389 1006.134008 1026.398130 1060.272649 1027.656674 996.889383 -9999.0 -9999.0
-9999.0 -9999.0 981.672778 1007.512535 1052.429834 1100.699467 1111.180065 1067.402818 983.017215 921.153880 743.455444 621.194738 621.461076 930.996109 993.321653 1020.583557 1035.210653 1044.041354 1047.714714 1027.192633 1008.344727 1002.738740 1004.710643 1007.971511 1014.858597 1016.662427 1012.418098 1010.123010 1013.327257 1001.204443 1002.719773 -9999.0 -9999.0
-9999.0 -9999.0 945.740252 957.383593 980.236545 999.931975 973.038033 967.186016 926.308293 804.628560 372.331264 372.656747 910.883376 966.485720 1006.958351 1021.012507 1017.116935 1032.849076 1022.840423 1015.740617 994.697375 994.398164 986.717039 1002.030667 1002.119634 1018.118371 1030.719833 990.416494 953.076813 979.986558 976.814150 -9999.0 -9999.0
-9999.0 -9999.0 949.328546 940.173004 938.820700 941.637622 941.195837 939.244854 912.617623 110.729478 115.893372 911.415983 950.935811 979.101794 1003.894967 1022.895367 1033.376824 1034.815214 1022.173121 1012.030826 1002.846530 997.127827 995.771942 1000.710021 1007.444702 1014.287609 1008.204937 976.859736 957.301817 972.729815 999.451366 -9999.0 -9999.0
-9999.0 -9999.0 926.194995 914.849163 754.844199 925.188909 946.496412 926.696331 526.469546 920.245570 930.809626 1000.064335 967.838548 984.166626 992.462054 1037.000443 1072.437833 1053.497553 1028.177804 1016.841138 1029.572531 1025.706020 1021.343843 1028.673119 1036.306301 1032.467404 1001.475421 975.762218 959.695761 975.032304 995.846712 -9999.0 -9999.0
-9999.0 -9999.0 938.608687 919.930058 907.889931 915.249785 906.888259 221.216704 924.635176 941.286263 946.344608 958.065177 964.570556 1013.383531 1040.298868 1078.680417 1098.132354 1091.271441 1048.131643 1030.061704 1009.631922 981.013730 975.789244 983.692953 993.318137 1010.845215 1014.298954 1004.263384 962.010375 974.150460 1009.444873 -9999.0 -9999.0
-9999.0 -9999.0 918.268945 915.494959 913.951963 838.092257 164.764182 818.915095 927.658006 930.710487 933.716808 932.747458 959.233959 1095.538505 1118.288211 1162.338391 1194.086133 1166.858333 1034.470347 1009.165407 997.407275 954.077503 947.200916 955.731908 978.035534 997.061843 990.968763 982.558941 991.950156 972.424629 1001.317952 -9999.0 -9999.0
-9999.0 -9999.0 918.877203 908.459498 902.394174 788.997530 0.000000 739.918038 893.168991 902.300575 901.459917 865.538147 846.134741 841.561002 877.957108 1005.694427 1117.435567 1119.320925 1004.440879 980.152084 972.132127 920.286704 916.173708 919.711474 928.520965 969.744880 957.726350 952.262679 971.988551 1002.762277 1024.456055 -9999.0 -9999.0
-9999.0 -9999.0 911.069005 907.247064 828.557555 770.361547 715.280832 751.632972 775.329543 774.421032 764.377794 746.129575 716.635859 597.772356 583.675031 782.164849 943.197688 917.637686 902.883068 920.214930 908.780110 894.248760 864.486173 877.955004 903.762575 921.041321 821.130262 862.040716 916.044954 999.782661 1068.311608 -9999.0 -9999.0
-9999.0 -9999.0 -9999.0 -9999.0 -9999.0 -9999.0 -9999.0 -9999.0 -9999.0 -9999.0 -9999.0 -9999.0 -9999.0 -9999.0 -9999.0 -9999.0 -9999.0 -9999.0 -9999.0 -9999.0 -9999.0 -9999.0 -9999.0 -9999.0 -9999.0 -9999.0 -9999.0 -9999.0 -9999.0 -9999.0 -9999.0 -9999.0 -9999.0