oms3_prj_geotop/oms3.prj.geotop/data/Panola_sim_52/output_maps/prof_falda0018.asc
ncols         33
nrows         53
xllcorner     0.000000
yllcorner     0.000000
cellsize      1.000000
NODATA_value  -9999.0
-9999.0 -9999.0 -9999.0 -9999.0 -9999.0 -9999.0 -9999.0 -9999.0 -9999.0 -9999.0 -9999.0 -9999.0 -9999.0 -9999.0 -9999.0 -9999.0 -9999.0 -9999.0 -9999.0 -9999.0 -9999.0 -9999.0 -9999.0 -9999.0 -9999.0 -9999.0 -9999.0 -9999.0 -9999.0 -9999.0 -9999.0 -9999.0 -9999.0
-9999.0 -9999.0 1330.785597 1301.835344 1309.688450 1312.347659 1322.957426 1322.061923 1315.385357 1312.684208 1307.315763 1305.070732 1303.505643 1300.879335 1300.043111 1273.947882 1260.052060 1256.151050 1264.048192 1292.096269 1299.173508 1304.122811 1305.350358 1305.693267 1306.075724 1307.146320 1311.997235 1310.011547 1305.595365 1286.237249 1272.124955 -9999.0 -9999.0
-9999.0 -9999.0 1280.906638 746.965000 1271.236043 1306.591875 1318.178900 1316.257206 1309.071905 1304.810820 1298.953655 1285.339659 1278.498229 1267.516783 1250.790458 1205.014848 1169.341978 1161.687747 1180.040829 1205.409529 1234.556663 1255.808378 1263.835708 1254.357236 1244.799968 1177.755147 1182.744684 1302.295519 1290.036298 1274.800379 1237.871507 -9999.0 -9999.0
-9999.0 -9999.0 1234.378154 1215.556928 1275.877213 1305.499260 1327.436368 1312.379961 1305.826499 1293.992607 1196.974673 1257.393816 1262.951884 1247.514756 1251.089543 1175.496605 908.221858 1123.923117 844.756588 1165.599473 1201.712248 1210.146109 1238.200864 1193.104720 1179.606387 1145.789691 1119.889996 1276.931681 1311.784905 1226.239254 1138.871046 -9999.0 -9999.0
-9999.0 -9999.0 1205.304487 1207.680393 1237.781690 1283.212759 1303.728828 1300.200117 1262.290578 1226.621118 1210.007934 1199.384438 1195.995159 1193.066484 1183.842878 1145.310300 1115.231847 1107.968682 1114.485362 1133.896020 1148.831530 1137.543375 1120.266044 1110.797749 1112.220651 1114.822511 1131.457374 1189.997940 1218.687318 1165.631110 1128.759736 -9999.0 -9999.0
-9999.0 -9999.0 1176.233897 1175.848962 1186.579914 1212.756699 1245.280838 1213.663603 1175.477337 1159.060997 1139.888237 1147.972765 1146.336654 1146.323804 1141.661156 1110.629274 1107.141083 966.105485 999.231593 1107.235819 1148.070168 963.718400 780.871805 833.349808 932.570744 922.484059 962.930168 1123.236179 1112.929401 1119.961132 1108.456820 -9999.0 -9999.0
-9999.0 -9999.0 1175.757621 1153.513440 1149.147743 1152.498852 1157.348093 1143.713083 1125.307642 1111.701041 1103.552272 1115.787538 1117.114883 1115.442104 1075.732873 564.126202 402.238449 399.913127 457.068811 911.135050 1021.670118 709.935204 515.986496 903.077741 819.505689 917.250550 947.914871 1107.611056 916.020240 1107.357493 1102.237825 -9999.0 -9999.0
-9999.0 -9999.0 1149.357748 1130.849634 1122.018795 1118.418426 1118.032450 1105.250134 949.053283 926.688569 912.625629 958.268708 991.332256 988.397435 964.507465 610.886088 710.321287 281.347754 153.408425 926.664175 1024.065559 949.548220 846.781918 905.474194 987.411482 921.389983 930.400234 914.116989 917.791287 1107.731055 932.929841 -9999.0 -9999.0
-9999.0 -9999.0 1163.884963 1130.701122 1110.440647 935.312882 946.806006 932.006761 850.439680 972.339953 967.703171 914.712812 944.821835 988.530937 954.645518 668.297867 585.216949 377.356189 323.651627 519.347356 919.272177 909.462797 724.961645 710.537130 938.188019 912.518991 901.665440 1105.042268 1103.693452 1119.673514 1112.419524 -9999.0 -9999.0
-9999.0 -9999.0 1143.807739 1115.963650 972.218010 958.565674 595.849399 700.395143 770.331713 936.610376 904.926160 843.420949 982.739545 948.797323 987.165707 935.367470 703.334695 465.158850 903.843049 361.024184 739.444715 832.179925 401.808009 719.662686 929.399642 1108.096008 1149.919186 1148.966983 1155.702148 1122.316756 937.811981 -9999.0 -9999.0
-9999.0 -9999.0 1182.087225 1138.186311 1109.628337 918.514728 901.321507 909.737149 913.249627 812.482909 812.579995 835.458682 914.105968 949.901558 940.098258 916.545821 621.372748 478.015704 420.082308 225.166473 240.545379 705.431468 935.722850 934.628288 934.615392 1110.408447 1127.154322 1129.965247 1129.603478 1117.727387 1107.971115 -9999.0 -9999.0
-9999.0 -9999.0 1144.610819 1125.063675 1116.252741 1118.118411 1145.318944 1112.763412 960.248437 941.988325 956.539545 908.283574 938.082543 825.932212 949.023873 914.931201 776.626166 555.050714 310.330619 224.569420 513.550456 973.459650 1202.911976 1124.308903 1112.237057 1107.298867 1012.515574 1106.135520 963.978739 971.036224 946.325796 -9999.0 -9999.0
-9999.0 -9999.0 1188.716536 1153.437127 1146.285188 1160.341614 1181.510061 1159.658158 1134.669055 1118.369892 1107.407403 952.112945 824.893961 956.182758 930.120117 903.084785 762.504469 541.706040 201.433480 187.026737 245.630262 707.765274 1101.818770 1106.060422 1102.630737 965.159993 958.303123 952.019167 949.576522 956.689205 973.383589 -9999.0 -9999.0
-9999.0 -9999.0 1180.456523 1154.454337 1162.491799 1190.104832 1240.282416 1201.303515 1149.290157 1139.254680 1130.648333 1110.159787 1104.170146 966.022043 916.927589 662.692823 740.835119 561.246888 342.951944 114.198025 711.073991 852.254489 910.198154 949.109418 934.255947 943.019200 911.192641 931.742459 921.981675 943.315872 928.270373 -9999.0 -9999.0
-9999.0 -9999.0 1234.708173 1180.626766 1172.913867 1202.095599 1226.930257 1211.709874 1172.921319 1158.030521 1143.091648 1117.515051 1037.768614 932.532434 908.550185 785.366676 751.337978 604.191422 448.701261 327.603657 767.535266 838.128980 715.294058 1008.856551 962.176182 939.049815 931.358825 941.657975 933.153203 957.261132 978.573293 -9999.0 -9999.0
-9999.0 -9999.0 1279.286692 1234.112863 1219.282848 1207.868424 1246.157959 1210.116964 1181.488748 1166.562593 1185.720864 1120.034600 933.099055 908.646535 599.026495 778.582355 815.211328 912.188139 989.601315 905.862729 930.715842 842.939247 922.357633 1047.875958 1141.158471 1136.698615 1150.962810 1139.196743 1156.597252 1110.610700 927.025377 -9999.0 -9999.0
-9999.0 -9999.0 1399.007075 1318.064863 1288.149275 1223.225486 1180.357988 1167.385873 1148.135063 1143.075455 1147.813533 1117.143798 919.468846 941.801560 793.333242 802.434335 966.735339 908.608647 949.255457 948.668237 909.428903 798.684436 709.790358 1023.703285 1124.898343 1158.646121 1173.249004 1167.117611 1157.989415 1129.276327 1111.865708 -9999.0 -9999.0
-9999.0 -9999.0 1184.670138 1180.666659 1166.170978 1158.402374 1128.881304 1137.545861 1110.270570 1123.856323 1106.395801 1127.133651 1145.101971 1032.905424 921.350579 957.889762 956.227633 836.144728 907.048329 707.094898 702.698982 224.056048 509.827484 986.218817 1116.566792 1153.859069 1188.610190 1163.005504 1144.985951 1119.960273 983.212397 -9999.0 -9999.0
-9999.0 -9999.0 1226.983288 1156.457757 1190.645336 1190.629647 1180.074260 1160.792417 1131.862564 1123.097962 1127.405116 1131.918294 1127.912579 545.578353 824.280197 908.863477 930.760888 958.057968 807.582864 614.627234 427.787071 116.866234 316.543099 958.190833 1010.603861 1128.272563 1144.131503 1138.257054 1128.034848 1117.106243 1104.024853 -9999.0 -9999.0
-9999.0 -9999.0 1214.051423 1230.427176 1158.032122 1282.429813 1267.211579 1283.325192 1116.882697 1173.207807 1110.152457 1161.854526 1126.983121 934.497667 906.846336 906.537970 831.543129 928.469370 935.903863 706.521063 571.417862 384.221503 510.847694 923.215742 1040.405920 1109.303348 1106.180493 1117.935358 1119.630439 1110.674226 984.690336 -9999.0 -9999.0
-9999.0 -9999.0 1304.552690 1308.222252 1302.734494 1409.852326 1456.527601 1478.674467 1360.342144 1342.744134 1303.029322 1284.527436 1190.754137 1133.886731 945.738761 902.011083 815.217771 826.994069 793.682557 588.273618 345.663227 359.067022 510.520765 909.130058 986.132572 1018.367667 1012.461264 1106.312546 1108.731748 1108.179291 1107.455550 -9999.0 -9999.0
-9999.0 -9999.0 1301.473491 1310.979742 1325.561258 1645.217297 2257.495562 1841.678858 1906.139916 1606.866970 1704.435282 1412.877738 1364.949291 1169.782249 1014.462691 982.779869 951.038874 809.587039 946.441569 517.610227 355.220347 241.495835 430.684179 910.214892 928.622542 997.320519 1013.337725 1020.311046 1102.352835 1014.883252 984.329856 -9999.0 -9999.0
-9999.0 -9999.0 1312.841412 1308.314876 1293.733156 1457.147834 1827.202658 1574.407982 1579.055299 1363.768983 1362.301210 1147.078319 1120.897776 981.332520 961.396843 965.676738 930.744511 802.811936 909.437497 514.956311 405.179649 366.424915 440.844772 906.564389 954.873159 974.898303 979.976001 975.301067 989.662718 1012.762149 1029.723542 -9999.0 -9999.0
-9999.0 -9999.0 1300.447128 1230.849490 1102.341343 1093.662714 829.857888 949.474360 744.155304 899.711208 614.296376 383.612576 871.277340 951.161150 1146.341492 1154.225267 952.040506 820.753793 903.919091 519.086988 443.422019 364.561320 902.451885 928.683722 1009.329401 963.197727 947.825485 936.265455 903.742360 907.534327 944.349914 -9999.0 -9999.0
-9999.0 -9999.0 1300.980522 1168.227860 959.768831 369.086669 164.350247 309.458790 275.948812 266.998266 241.730733 689.421708 702.056871 874.761773 1024.984700 1112.192896 976.688470 829.002518 796.454062 613.964192 453.512686 421.908403 509.164035 922.396205 955.125632 939.398869 934.931550 909.980570 911.316816 918.752272 1024.140825 -9999.0 -9999.0
-9999.0 -9999.0 1262.771743 1141.856486 705.536094 447.936936 211.755189 217.577381 1307.762214 1129.631454 1160.138603 1141.605564 1378.601637 1335.475722 1260.389288 1027.339239 947.026552 820.964761 905.620013 907.995402 615.016254 362.123004 930.300640 919.483918 919.100359 923.051633 609.041184 931.618919 1103.305206 930.272567 936.655426 -9999.0 -9999.0
-9999.0 -9999.0 1369.949641 1272.794142 949.225776 973.823006 1081.987414 1069.569440 1098.627527 1098.375341 1125.200910 1101.535899 1319.413520 1348.816436 1203.898773 749.946358 932.675759 814.677783 812.755988 904.804262 594.087626 557.620355 707.216779 907.859107 912.895035 914.111928 906.774021 943.389958 1110.195010 961.855028 1126.199059 -9999.0 -9999.0
-9999.0 -9999.0 1149.445569 974.145483 972.799886 1144.651751 1660.487342 1651.265235 1664.552916 1665.296487 1710.474495 1552.671556 1182.331034 1314.070927 1181.420568 968.398149 927.643348 824.610585 811.260102 785.623067 583.252049 582.118557 700.559056 823.592554 930.174227 932.448674 986.627469 1092.262787 1144.008636 1106.139274 949.806314 -9999.0 -9999.0
-9999.0 -9999.0 1183.827492 931.171275 924.160087 971.040887 1265.719679 1244.464234 1243.105093 1509.496752 1543.384188 1511.039639 1500.573078 1311.748202 1160.307587 1140.239688 958.255109 963.092570 807.109678 772.295410 757.464711 762.752484 795.621128 818.606341 913.915943 928.383792 936.817860 1119.706060 1141.913884 1110.381238 1112.274966 -9999.0 -9999.0
-9999.0 -9999.0 1323.670829 1222.788570 929.532823 952.684404 1138.520283 1107.831190 1168.623315 1378.001265 1364.445949 1316.772292 1271.871276 1256.048641 1004.714336 958.356247 951.920285 951.687943 959.649462 937.713502 851.912164 934.510572 950.542063 902.001338 965.122226 925.098068 1008.957406 1046.096441 1114.692652 1014.915738 937.480699 -9999.0 -9999.0
-9999.0 -9999.0 1192.879928 1125.368044 842.377472 927.878298 1128.175721 1045.790521 1216.183112 1310.221765 1151.777678 1118.489124 1075.003261 1046.180826 940.093059 897.313217 841.975214 809.884694 786.193969 750.813286 1130.953216 1138.017688 937.248361 997.872377 1038.428534 1042.965448 1014.299258 1033.996746 1000.377274 972.070014 948.411513 -9999.0 -9999.0
-9999.0 -9999.0 1151.412035 1165.853898 1140.428647 1043.165580 1189.888136 1206.474967 1348.811289 1311.417350 1111.450190 1060.597167 1004.152797 953.554380 828.212398 792.091827 758.915480 770.180731 782.722572 1060.721477 1115.269382 1139.835348 1133.390032 1164.873396 1188.490225 1151.336137 1149.747665 1024.309511 1163.806995 939.927303 908.746085 -9999.0 -9999.0
-9999.0 -9999.0 1109.373105 1131.308947 1134.386344 1169.757987 1253.853982 1349.203022 1306.033427 1252.482161 933.966890 970.225246 974.109364 911.004237 808.924031 782.336620 755.892943 766.005464 950.989474 946.216437 924.063617 997.869653 1096.306166 1124.892165 1134.189997 1045.934695 1100.443813 978.396570 1106.208555 1020.344952 1038.908611 -9999.0 -9999.0
-9999.0 -9999.0 961.204796 1010.675753 1124.316642 1343.819018 1333.643897 1304.197658 1232.902627 1146.188643 951.805248 956.291820 929.196718 830.642169 799.525934 794.049595 821.240250 770.818355 908.047285 864.922120 850.182038 918.048603 940.437928 954.628092 959.425554 958.510872 938.317473 902.020361 953.477089 924.092821 935.568934 -9999.0 -9999.0
-9999.0 -9999.0 1003.128653 1147.912501 1127.580857 1334.399480 1332.824895 1300.601342 1143.063615 1001.100926 961.962435 953.593856 825.081695 798.233513 789.117757 877.224151 875.291901 866.383312 849.660805 747.856667 606.642951 754.348509 776.595850 801.225751 812.741087 820.290761 800.939768 906.936469 685.754765 637.284399 953.107789 -9999.0 -9999.0
-9999.0 -9999.0 929.156861 984.093698 1121.331292 1238.146973 1264.851256 1157.990396 1136.754077 967.920063 933.130402 903.224046 792.345812 772.549837 639.075906 635.678829 599.397433 688.462512 932.848147 902.878692 517.852935 702.388081 955.689987 906.534779 915.939320 784.472641 768.728235 634.602035 576.646996 609.576851 678.279549 -9999.0 -9999.0
-9999.0 -9999.0 944.104556 999.743906 1047.160500 1106.314632 1101.184769 1103.248991 1048.623831 946.576147 903.597587 785.705329 763.463531 779.133934 936.603503 454.751683 445.715969 604.076319 976.531142 980.104047 710.338607 971.285078 920.786546 951.280588 915.334640 930.886550 789.216675 786.874833 626.068446 630.027161 933.017998 -9999.0 -9999.0
-9999.0 -9999.0 870.822398 895.127625 825.919319 919.219801 937.992603 909.199922 939.351489 944.780773 939.038863 778.804165 634.664454 773.983261 914.454576 725.798634 969.896525 928.533925 914.553020 930.974886 975.280255 979.284636 968.313469 977.471600 1009.038491 956.373967 946.104886 907.333958 979.706841 804.776023 790.640730 -9999.0 -9999.0
-9999.0 -9999.0 912.416503 913.444398 733.595448 768.921749 909.504515 887.109705 903.927460 903.030672 862.759151 770.817741 634.243724 913.851113 946.381968 938.930220 967.431358 925.708598 520.680706 352.577904 983.539716 944.519473 982.673349 960.953813 984.447905 986.354876 928.600453 919.493070 990.672765 966.032358 844.425315 -9999.0 -9999.0
-9999.0 -9999.0 1006.080107 921.799625 623.648385 915.086376 935.029809 719.172728 763.856325 707.526600 748.150886 750.195404 621.060796 910.416039 928.400466 944.875295 943.746627 928.989161 914.521313 622.045229 992.592955 1006.582753 1135.132033 1111.876285 986.889170 965.362001 952.609416 821.847352 923.632193 909.114999 789.526745 -9999.0 -9999.0
-9999.0 -9999.0 701.260945 1167.055820 938.787022 1061.350586 926.953387 700.432472 740.499461 702.899872 700.921332 637.505856 605.073441 903.628919 922.355596 934.139036 935.466199 926.711300 929.791537 916.980686 960.449659 983.664228 1110.666284 1012.931403 926.656098 940.883153 960.601036 920.500246 794.599497 784.042772 787.300282 -9999.0 -9999.0
-9999.0 -9999.0 902.522267 1029.134006 953.311169 1170.639097 1257.881005 1110.191249 934.545457 560.533677 504.058113 550.347267 578.936551 654.278024 927.729897 926.586305 916.314920 917.021470 634.740621 939.808555 1008.859738 1052.468222 1074.634228 1040.915042 993.738271 961.798155 905.328343 939.461886 985.361711 923.642184 910.119043 -9999.0 -9999.0
-9999.0 -9999.0 938.727271 989.031229 1102.836665 1182.650719 1227.033096 1138.397532 977.119395 513.011439 508.627867 447.220364 759.297741 779.462944 817.083303 838.398021 832.683763 822.496738 910.460753 913.650757 938.385798 1007.435097 950.699644 942.744737 935.748878 362.621604 701.220951 932.606039 934.003418 926.058865 950.488981 -9999.0 -9999.0
-9999.0 -9999.0 312.114223 205.195595 1016.467201 1135.222977 1179.262775 736.515036 946.288044 507.080850 505.500209 755.043989 749.592962 771.198592 921.301875 825.326867 814.931001 816.372145 921.242184 930.544123 928.073187 938.807823 939.786923 922.555811 817.993620 619.901825 690.247973 925.730265 977.611315 937.834406 907.461188 -9999.0 -9999.0
-9999.0 -9999.0 725.930477 927.740752 977.955646 1023.585314 983.389834 364.112570 502.760476 571.017628 506.588617 724.398498 727.736900 745.110015 792.050363 790.820862 923.186855 936.447091 965.154356 930.055408 913.519927 927.740769 913.409316 914.301695 806.118351 799.627205 911.766507 917.213131 969.088277 909.060540 918.815829 -9999.0 -9999.0
-9999.0 -9999.0 300.629849 840.396676 917.759750 914.615599 149.506867 269.294530 531.021918 520.462076 503.314521 523.109881 542.385715 559.611641 747.181948 917.503958 976.227037 944.409965 917.733179 918.640039 901.873981 905.543978 701.786467 804.341352 790.642495 803.641442 940.866362 904.442337 520.338961 913.171112 625.001732 -9999.0 -9999.0
-9999.0 -9999.0 158.512660 758.451268 782.107274 803.546834 749.709378 214.419319 310.596116 305.112227 332.882582 358.293591 377.081523 595.336150 912.012771 913.052199 935.195377 912.673004 914.755540 810.006401 802.522351 798.342996 794.836284 789.670770 790.331853 800.971307 812.525023 664.193513 612.686467 636.518133 905.171721 -9999.0 -9999.0
-9999.0 -9999.0 216.751985 316.437589 220.724620 715.750630 743.430829 718.133330 314.015568 204.818112 113.458406 181.770145 508.967248 617.380769 912.151779 917.036213 951.601962 901.787429 818.519288 810.006868 957.257231 959.067963 956.336103 959.151727 962.561509 957.837512 805.995329 782.053169 768.453347 775.789173 788.296069 -9999.0 -9999.0
-9999.0 -9999.0 316.461805 294.089771 187.520956 269.125322 302.697059 308.434303 349.878609 0.000000 0.000000 373.961676 510.201245 788.428674 835.844604 967.096139 985.849402 979.182634 964.357164 956.400641 940.344276 909.624785 902.129706 906.954782 911.307413 937.764971 951.374309 946.174229 761.724489 769.795646 791.757021 -9999.0 -9999.0
-9999.0 -9999.0 302.107789 260.050368 201.875317 219.230738 238.371399 239.072809 0.000000 717.391122 725.146452 157.500449 503.682688 986.582956 998.746019 1117.359621 1157.598821 1135.220008 958.489807 950.207483 941.527074 781.322643 771.432460 776.290108 803.170750 940.096310 938.831358 934.390353 944.398678 766.704794 779.955403 -9999.0 -9999.0
-9999.0 -9999.0 305.034902 242.320405 151.578051 124.028300 151.345827 126.769470 574.923677 705.600696 701.217690 133.068756 378.795663 690.688322 725.933196 854.445247 970.216935 978.955313 923.145995 910.596947 899.475167 757.275808 751.697072 754.564727 762.299897 847.098687 797.372402 793.196421 867.991900 945.990803 808.672323 -9999.0 -9999.0
-9999.0 -9999.0 377.781582 546.473476 386.748836 282.675884 0.000000 0.000000 540.954820 579.400802 554.756113 0.000000 340.817899 447.856910 428.688654 630.096570 792.112380 766.993321 707.157670 705.365460 677.219606 674.421815 645.402700 709.676233 720.994827 635.751027 545.715846 590.215748 636.521099 918.296617 988.164661 -9999.0 -9999.0
-9999.0 -9999.0 -9999.0 -9999.0 -9999.0 -9999.0 -9999.0 -9999.0 -9999.0 -9999.0 -9999.0 -9999.0 -9999.0 -9999.0 -9999.0 -9999.0 -9999.0 -9999.0 -9999.0 -9999.0 -9999.0 -9999.0 -9999.0 -9999.0 -9999.0 -9999.0 -9999.0 -9999.0 -9999.0 -9999.0 -9999.0 -9999.0 -9999.0