oms3_prj_geotop/oms3.prj.geotop/data/Panola_sim_52/output_maps/prof_falda0013.asc
ncols         33
nrows         53
xllcorner     0.000000
yllcorner     0.000000
cellsize      1.000000
NODATA_value  -9999.0
-9999.0 -9999.0 -9999.0 -9999.0 -9999.0 -9999.0 -9999.0 -9999.0 -9999.0 -9999.0 -9999.0 -9999.0 -9999.0 -9999.0 -9999.0 -9999.0 -9999.0 -9999.0 -9999.0 -9999.0 -9999.0 -9999.0 -9999.0 -9999.0 -9999.0 -9999.0 -9999.0 -9999.0 -9999.0 -9999.0 -9999.0 -9999.0 -9999.0
-9999.0 -9999.0 1285.896110 1238.310256 1216.462499 1210.498541 1241.702555 1238.300020 1219.187947 1215.742135 1199.334850 1195.613898 1193.808965 1186.345203 1191.136086 1177.288898 1171.198006 1170.534663 1174.134315 1194.740072 1196.548178 1211.477294 1213.032613 1213.042748 1212.994711 1215.388856 1233.799457 1219.416066 1202.462957 1177.204715 1163.543758 -9999.0 -9999.0
-9999.0 -9999.0 1210.161555 1194.959089 1188.526553 1199.394780 1234.717823 1224.225712 1199.412773 1187.911680 1176.250511 1171.538233 1167.599318 1163.131331 1157.959064 1138.119273 1125.268268 1122.889138 1130.710845 1142.425992 1152.684159 1165.088655 1167.135955 1160.366122 1155.292602 1159.578897 1170.550931 1195.465634 1185.703378 1168.067979 1148.278949 -9999.0 -9999.0
-9999.0 -9999.0 1149.716732 1160.025556 1172.835471 1203.650834 1269.764243 1221.623814 1199.622771 1175.257102 1175.940337 1162.854239 1169.498203 1160.598999 1172.473132 1130.682852 1104.361546 1109.940806 1113.252976 1127.189480 1144.160911 1147.867804 1173.004672 1136.794710 1129.444110 1133.665712 1135.603605 1183.061343 1259.049911 1146.088893 1109.778048 -9999.0 -9999.0
-9999.0 -9999.0 1136.562012 1138.148468 1148.930400 1171.828628 1199.420760 1182.308292 1160.970917 1147.426555 1142.338691 1138.261372 1138.760970 1138.506338 1137.604674 1121.734433 1106.903288 1105.822738 1107.928872 1116.595500 1121.919016 1117.159220 1110.010140 1105.919831 1108.972478 1112.934839 1120.738312 1134.159345 1145.776059 1121.804503 1107.371314 -9999.0 -9999.0
-9999.0 -9999.0 1126.170592 1126.275257 1130.927920 1141.385678 1159.320689 1143.307688 1128.070966 1122.533640 1118.657494 1119.119401 1118.612776 1120.853526 1123.747959 1114.943519 1118.478187 1070.292000 1094.741500 1105.797303 1131.278306 1099.084431 1010.738473 1050.955105 1094.556677 1101.781664 1101.264034 1107.942458 1102.550286 1105.045012 1100.791404 -9999.0 -9999.0
-9999.0 -9999.0 1129.255284 1119.642423 1117.532040 1118.951744 1121.652183 1116.887731 1110.235825 1106.336065 1104.784176 1106.360208 1107.390248 1107.842962 1106.491719 1077.253449 270.382953 156.845591 985.770149 1048.423844 1085.882321 1017.654431 965.395396 997.724390 1052.979462 1086.970204 1100.567090 1102.378557 1100.830029 1101.298762 1098.365732 -9999.0 -9999.0
-9999.0 -9999.0 1118.171378 1110.491415 1107.102423 1105.656533 1105.830942 1101.740785 1094.188595 1082.837030 1078.471410 1097.594585 1100.283601 1101.000784 1084.730861 1032.484834 955.180990 931.084248 904.468545 972.970508 1054.209748 965.047600 908.317440 979.225320 1078.838901 1089.048943 1099.944892 1102.231855 1100.515142 1100.971698 1084.930630 -9999.0 -9999.0
-9999.0 -9999.0 1126.198476 1110.729044 1102.483379 1078.864581 1049.281496 1032.100946 1027.093857 1041.275942 1040.365147 1059.454208 1083.567168 1083.575854 1055.191454 1008.150622 957.406279 933.417183 921.133572 933.683707 948.948783 925.983527 919.757312 973.109676 1058.058606 1085.639246 1102.973965 1107.566443 1104.491118 1105.519448 1103.133342 -9999.0 -9999.0
-9999.0 -9999.0 1115.821543 1104.085048 1088.065648 1043.794988 959.841670 988.297875 976.384019 996.159807 973.797312 1044.762663 1089.773825 1077.837672 1059.815667 1009.528380 964.380557 944.388765 960.483003 918.176634 851.503608 919.810351 920.419610 1000.628083 1068.003740 1105.085972 1128.355894 1123.484059 1135.136313 1107.886916 1090.971642 -9999.0 -9999.0
-9999.0 -9999.0 1136.429935 1114.005013 1102.034917 1070.130063 1033.106844 1032.219182 1033.069265 1032.171458 1036.540603 1050.448535 1059.850367 1056.891918 1039.986094 1001.489055 960.418410 925.580104 907.680170 116.257752 182.418911 971.946923 1017.485301 1051.557083 1081.586197 1105.966762 1113.834245 1113.971363 1113.037311 1105.934072 1101.009872 -9999.0 -9999.0
-9999.0 -9999.0 1116.449718 1107.544324 1103.214287 1103.416210 1119.867117 1103.728343 1098.455633 1083.302560 1088.251393 1066.412414 1020.998248 1033.830836 1028.048967 992.167137 962.761163 904.920356 108.419586 833.183217 971.136961 1051.736119 1226.329253 1119.886541 1107.835891 1103.645034 1100.967664 1101.881249 1097.771875 1096.284316 1074.122217 -9999.0 -9999.0
-9999.0 -9999.0 1136.870176 1119.587355 1116.016201 1122.618945 1134.860482 1125.608560 1115.062268 1107.787095 1103.913145 1087.773373 1048.007052 1037.471495 1009.395250 974.308618 947.111236 908.681702 789.622295 846.025562 925.714357 994.998001 1108.650590 1106.328005 1102.610908 1094.065756 1075.090175 1070.639195 1064.226404 1072.867598 1082.389845 -9999.0 -9999.0
-9999.0 -9999.0 1128.922884 1120.578567 1122.413355 1135.381169 1172.799618 1146.459073 1120.845294 1117.042798 1114.263242 1105.454739 1103.393447 1048.201950 992.902006 966.319756 935.783097 932.668471 928.155603 901.485805 782.367616 918.124196 969.918650 1061.900156 1078.617504 1072.419815 1039.376389 1057.623993 1050.450314 1068.453190 1058.998734 -9999.0 -9999.0
-9999.0 -9999.0 1154.464867 1126.195504 1126.053219 1139.634270 1155.907913 1150.535709 1131.178585 1126.121222 1119.760043 1108.358609 1097.107677 1018.400017 979.211158 973.869251 974.978087 980.859454 971.875786 931.909230 902.222822 913.049305 954.186455 1033.089342 1067.869962 1082.497302 1074.759865 1080.407241 1077.021098 1091.508987 1096.676166 -9999.0 -9999.0
-9999.0 -9999.0 1192.038204 1159.950564 1141.781607 1142.884637 1171.068592 1148.705030 1135.904005 1129.998882 1147.514446 1109.715343 1035.431873 1001.509936 947.557024 990.306412 1037.733615 1039.694332 1053.401751 990.450283 964.481663 911.766178 980.165890 1067.107427 1130.979735 1121.053653 1128.738456 1118.783344 1130.986419 1101.937460 1067.809583 -9999.0 -9999.0
-9999.0 -9999.0 1326.663228 1282.688506 1197.951444 1149.836642 1130.448132 1126.748276 1119.635177 1118.201828 1123.513951 1108.160788 1069.770392 1039.681458 1010.557314 1019.301713 1053.859501 1045.818077 1038.316544 991.772234 942.447458 913.146482 953.210113 1053.703882 1118.976629 1135.922647 1140.997927 1135.422420 1130.131779 1112.965614 1104.137831 -9999.0 -9999.0
-9999.0 -9999.0 1122.997596 1121.488546 1120.404143 1118.979223 1107.427823 1112.494533 1102.336769 1108.810466 1106.962033 1111.871176 1132.109407 1100.511325 1071.622096 1047.215972 1034.613226 1033.937360 1007.046791 972.878318 925.182583 157.615361 923.016915 1032.116642 1115.223323 1134.728461 1155.569570 1134.024150 1122.788060 1108.672705 1093.680972 -9999.0 -9999.0
-9999.0 -9999.0 1148.105615 1113.837867 1131.184080 1128.522846 1124.085329 1117.516596 1109.739977 1105.960568 1109.542102 1113.066106 1126.338012 1106.251453 1085.424011 1044.868549 1019.026360 1035.731724 1008.030548 959.648398 908.406744 0.000000 923.785067 1014.987486 1103.300646 1119.523276 1126.402128 1120.594743 1113.961619 1107.373524 1101.127257 -9999.0 -9999.0
-9999.0 -9999.0 1142.709842 1151.673524 1131.135407 1196.880729 1176.874976 1196.790642 1110.698212 1130.365980 1104.528229 1123.458398 1114.503508 1108.373156 1069.041059 1039.395806 1015.685195 1014.724793 1037.204543 951.477017 377.394881 901.470844 940.884561 1014.068495 1102.130261 1107.704491 1104.578966 1109.864246 1109.892614 1104.675674 1086.032305 -9999.0 -9999.0
-9999.0 -9999.0 1211.468217 1238.088397 1228.896218 1324.822205 1353.415065 1371.829715 1312.150178 1305.739858 1239.834425 1226.222312 1156.927423 1123.788877 1092.281550 1037.958934 1011.886974 1011.434346 1003.786712 948.062099 905.518710 910.096724 935.521379 994.125557 1074.742395 1101.254186 1101.653373 1103.938057 1104.402694 1103.467189 1102.402934 -9999.0 -9999.0
-9999.0 -9999.0 1208.963163 1241.814677 1288.203016 1541.634034 2231.877607 1733.213642 1806.598382 1530.568365 1640.541965 1360.609321 1339.226821 1159.669479 1098.070486 1058.889507 1006.812141 1002.703540 996.316764 944.196362 901.976048 872.356380 918.992308 983.371775 1045.803908 1082.423427 1097.084163 1099.076546 1100.988035 1099.911184 1086.132276 -9999.0 -9999.0
-9999.0 -9999.0 1259.677877 1245.132581 1191.679386 1370.249106 1747.421904 1530.893370 1540.966063 1337.744372 1357.683339 1166.251232 1134.188758 1091.980367 1050.294421 1072.503642 1016.068237 1005.517981 983.095238 939.045820 904.750358 900.610523 925.608001 985.630284 1036.869035 1057.736723 1055.731575 1047.110518 1051.313411 1072.069996 1097.865333 -9999.0 -9999.0
-9999.0 -9999.0 1197.834453 1160.464508 1100.322755 1114.501584 923.330889 1014.698822 881.961850 939.453169 733.636133 806.010617 970.091231 1038.664431 1178.172449 1178.252051 1068.868645 1023.932318 987.410711 947.828935 913.245254 818.294732 959.155947 1005.357684 1062.569756 1045.058655 1026.460615 1012.811381 984.747559 1010.222469 1060.774546 -9999.0 -9999.0
-9999.0 -9999.0 1246.238121 1141.353324 996.022413 924.038372 130.908568 184.341920 148.434553 139.085733 113.660931 509.142640 909.196150 1042.408572 1187.737481 1169.086251 1073.851740 1024.718073 999.191755 960.210307 914.670931 884.432685 940.308691 998.315854 1028.329300 1018.920601 1007.942915 1014.826280 1023.402252 1036.386080 1099.213458 -9999.0 -9999.0
-9999.0 -9999.0 1216.505610 1124.242177 983.271048 962.719418 957.445372 0.000000 1337.656722 1068.997893 1237.219963 1128.952672 1392.502797 1345.732601 1299.228465 1168.648196 1008.869658 1016.776836 1028.929429 980.234525 948.188359 781.007532 976.278833 998.298041 1003.705137 1003.069419 974.201707 1045.564876 1102.640223 1063.911046 1063.607056 -9999.0 -9999.0
-9999.0 -9999.0 1330.583360 1268.553151 1085.232800 1102.661147 1131.070471 1243.305757 1273.562886 1271.976708 1315.273999 1288.222073 1385.255130 1360.811753 1232.223280 1035.045834 993.017092 1013.138192 1009.950190 972.179890 929.336690 904.589024 954.469370 1003.722451 1024.947400 1029.971706 1032.428475 1073.937084 1104.640919 1101.282875 1115.103431 -9999.0 -9999.0
-9999.0 -9999.0 1123.726778 1102.573144 1049.351401 1185.424999 1666.912365 1657.624880 1669.989764 1669.686675 1713.498644 1560.292316 1270.311749 1341.057850 1205.754060 1081.465733 1026.739824 1024.660753 1006.154373 966.688020 920.897266 928.009961 967.593363 1020.286488 1071.869916 1074.197753 1082.171234 1101.506513 1124.754202 1102.322584 1098.603729 -9999.0 -9999.0
-9999.0 -9999.0 1158.148859 1102.900445 1000.533816 1067.769578 1301.465292 1280.668307 1279.558645 1505.516156 1549.210743 1515.480246 1510.161892 1345.159409 1184.254201 1159.370557 1054.741567 1038.551675 1000.398876 963.307689 939.814141 946.689549 980.783152 1025.231819 1072.209203 1085.655123 1098.742432 1114.058984 1126.748242 1107.139227 1108.569385 -9999.0 -9999.0
-9999.0 -9999.0 1307.373813 1202.677013 1070.672517 1042.770003 1122.345872 1128.084123 1210.438724 1382.427915 1396.722027 1349.274213 1305.968213 1295.937010 1047.842905 1001.468749 1003.734003 1011.136964 1032.808528 1005.647472 960.820779 1006.300215 1006.723966 1040.805029 1078.203073 1103.940875 1110.232747 1118.672086 1116.533709 1102.994711 1100.198339 -9999.0 -9999.0
-9999.0 -9999.0 1153.844041 1117.065866 1071.826852 1067.171775 1114.822529 1127.190864 1229.428771 1314.925613 1188.941553 1161.153790 1127.709926 1101.390171 973.325112 936.416551 907.572712 878.488855 935.645434 1012.451971 1144.096575 1152.273934 1044.450646 1101.975703 1125.612762 1123.199968 1114.654957 1119.346659 1085.417876 1078.104911 1101.082025 -9999.0 -9999.0
-9999.0 -9999.0 1169.655913 1186.407232 1159.106479 1118.061255 1165.707260 1221.313332 1352.416188 1314.475170 1131.241937 1106.734581 1089.558750 1039.220799 1012.347645 974.874298 933.670778 950.904729 978.699947 1074.162533 1125.753810 1155.251359 1131.615305 1190.353117 1210.264489 1161.732456 1166.578154 1118.891905 1154.727487 1088.934036 1069.390445 -9999.0 -9999.0
-9999.0 -9999.0 1120.833715 1144.050664 1148.838010 1193.854330 1270.629516 1353.597175 1317.005541 1206.147959 958.194659 1026.531724 1054.507816 1040.990610 1015.132244 990.243815 967.000262 953.953842 975.198621 959.760179 938.134895 1012.968368 1108.953573 1137.870345 1148.567500 1111.433436 1116.349443 1105.940923 1105.001702 1052.921421 1068.822080 -9999.0 -9999.0
-9999.0 -9999.0 1040.359209 1103.819720 1138.170288 1347.199971 1338.904045 1312.760193 1268.077044 1171.294216 1005.508704 1024.685222 1012.373718 1022.434040 1007.809135 1007.251484 1017.772802 947.821078 916.933661 862.689270 850.449883 923.687416 964.144864 1018.387290 1034.285041 1042.547499 1012.165527 1024.659354 988.072757 980.279763 998.233489 -9999.0 -9999.0
-9999.0 -9999.0 1098.009330 1169.774363 1144.914540 1338.117851 1337.182352 1310.055268 1176.141719 1054.982062 1020.765458 1012.026716 1005.249787 998.081221 992.852923 1016.050303 985.267704 889.042693 875.195316 919.622317 919.033814 941.599380 977.473835 1005.217076 1014.958680 1006.072681 981.830611 958.766725 946.628362 947.759011 997.717859 -9999.0 -9999.0
-9999.0 -9999.0 991.109412 1065.860381 1133.071398 1265.833184 1301.159504 1237.204160 1154.127054 1012.255072 961.045831 948.493716 977.666553 980.199970 961.626564 922.308474 623.926470 710.459384 1105.404649 1007.977726 952.541975 967.519374 983.171255 1010.752277 1007.706781 1001.925901 972.873682 954.184248 921.560523 941.065063 964.480336 -9999.0 -9999.0
-9999.0 -9999.0 1059.409274 1063.180719 1051.910607 1111.957806 1106.006551 1105.723145 1051.983165 973.029902 948.081874 953.138649 967.105318 981.908511 1006.879426 994.437689 981.341323 1009.134421 1070.884035 1018.452912 990.854927 1003.188855 1026.740302 1043.599361 1045.702655 1041.096976 1013.294644 999.957411 978.240923 970.528433 1006.584456 -9999.0 -9999.0
-9999.0 -9999.0 879.294628 903.959441 834.191408 927.958753 944.366604 911.129570 920.133431 928.219409 937.982861 947.413374 950.127962 990.637514 1018.889981 1037.617063 1066.320080 1028.889943 977.303422 1002.424755 1004.844422 1046.847428 1086.404038 1089.703741 1088.170647 1091.335350 1101.575689 1058.141088 1067.610245 1004.316704 983.811054 -9999.0 -9999.0
-9999.0 -9999.0 1045.847513 1042.322992 920.039229 844.747915 880.294783 845.943668 801.860122 767.127391 729.251919 916.491408 952.770172 993.834756 1034.579019 1054.357699 1061.019216 1033.211165 1004.039400 910.126696 1041.107122 1068.645242 1091.362389 1095.899847 1102.050470 1100.000000 1093.898925 1063.039992 1067.933104 1033.670334 1019.231027 -9999.0 -9999.0
-9999.0 -9999.0 1034.258711 1014.962036 977.627106 1007.853903 959.513839 672.638807 614.805803 546.634044 462.927313 903.938502 944.422706 988.581324 1023.710017 1047.842140 1050.121696 1038.491107 1036.578450 1042.988904 1086.451766 1104.455932 1128.115614 1109.651654 1102.280708 1078.723830 1052.014768 1030.110344 992.428598 977.633831 985.055778 -9999.0 -9999.0
-9999.0 -9999.0 946.840667 1166.522013 1051.013788 1076.340669 1060.466240 941.973807 410.883036 323.598313 241.656934 804.427185 934.406729 977.343494 1014.549684 1032.963386 1032.711567 1024.076468 1022.866512 1035.502317 1068.219671 1101.179964 1109.216656 1102.124810 1079.045127 1041.730834 1023.659417 1017.276068 1008.808032 996.099552 1007.051471 -9999.0 -9999.0
-9999.0 -9999.0 941.297256 1056.919305 1076.199848 1153.804980 1251.822508 1108.237986 960.721334 733.117203 0.000000 726.971012 910.784910 964.891476 1015.251032 1026.405126 1017.675049 1013.464614 985.741239 1016.668566 1029.465352 1069.672799 1087.254867 1068.443387 1020.071810 1008.858628 992.583252 1016.633904 1041.055941 1017.544900 1000.343112 -9999.0 -9999.0
-9999.0 -9999.0 982.298571 1052.598139 1108.833047 1172.562769 1227.047371 1144.457394 1032.047222 928.008548 726.969160 0.000000 784.193774 945.014856 999.073172 1020.055456 1024.582101 1023.581986 1017.147022 1018.506504 1020.344716 1031.605749 1038.910019 1030.496744 1011.200043 908.281332 998.760563 1020.761052 1042.661584 1026.268546 1030.260301 -9999.0 -9999.0
-9999.0 -9999.0 948.824211 1004.254722 1100.000000 1144.598987 1214.289646 1123.292238 1013.805466 933.505529 771.928904 737.675919 714.265615 915.432391 994.977361 1020.150160 1035.571379 1042.647131 1063.178257 1033.560473 1010.873339 1015.460288 1018.989305 1019.510044 1018.390111 1007.113197 1001.726447 1021.985660 1055.552913 1022.800038 991.959733 -9999.0 -9999.0
-9999.0 -9999.0 961.593878 995.181583 1040.294311 1096.662726 1108.766204 1048.031162 968.475110 909.796534 734.928746 635.194600 637.824123 923.903592 984.780912 1011.648404 1029.834913 1039.937998 1044.182629 1023.845617 1004.631108 998.670487 1000.389235 1003.425802 1008.279385 1009.892005 1006.904693 1004.239424 1007.076194 994.895334 996.308195 -9999.0 -9999.0
-9999.0 -9999.0 115.136640 938.754773 965.117023 981.310081 956.825931 952.763804 913.516017 767.315093 381.088327 384.047735 802.317791 953.705976 995.333301 1012.605598 1011.047126 1027.870146 1018.380540 1011.051599 989.637439 988.837354 980.918081 994.868070 994.250910 1009.824122 1023.391056 983.014099 945.873000 972.319462 969.270163 -9999.0 -9999.0
-9999.0 -9999.0 930.851223 926.019954 921.015211 927.182407 927.437349 924.495031 856.705058 113.560564 121.809534 789.022800 933.332370 964.732419 992.024590 1013.552090 1026.096160 1028.713187 1016.492416 1004.833736 995.507112 989.525440 987.887573 992.147131 998.518283 1005.061942 998.925698 968.328447 948.907759 963.954716 990.277810 -9999.0 -9999.0
-9999.0 -9999.0 914.140560 893.165108 173.497859 907.260302 926.335247 909.417385 555.397808 0.000000 909.767894 972.873988 950.516579 969.619407 980.725942 1027.355859 1064.387621 1045.160351 1020.106503 1008.451683 1021.922427 1017.834907 1013.220507 1020.430158 1028.076606 1024.075955 991.624200 966.319387 950.268506 964.821737 984.791305 -9999.0 -9999.0
-9999.0 -9999.0 923.853051 903.274205 103.562078 212.777381 708.348136 227.065890 906.270649 921.286420 928.039064 939.697718 948.480445 1000.085200 1028.718737 1071.299519 1092.501899 1085.625915 1040.978039 1021.967819 999.753473 967.262180 961.129018 969.031143 979.296526 1000.488769 1005.390994 995.663335 952.132000 962.948408 996.710066 -9999.0 -9999.0
-9999.0 -9999.0 906.530504 902.465840 813.750782 130.340420 157.757140 124.826890 906.305615 913.731840 917.294827 916.519365 943.177101 1095.105273 1113.581314 1158.672855 1191.388423 1165.060372 1025.837297 999.805432 986.935791 942.809747 935.610280 943.478281 965.406686 986.561266 981.544813 973.746780 982.952171 961.310720 988.072718 -9999.0 -9999.0
-9999.0 -9999.0 906.470579 855.491144 801.388559 717.851054 0.000000 0.000000 775.199683 809.858733 806.775402 188.023269 791.689965 822.372154 858.682496 986.735994 1102.486731 1110.470331 989.974112 964.697310 954.879223 910.158671 905.887166 909.196864 917.886078 958.805873 944.496940 940.168829 961.996950 993.149867 1010.935854 -9999.0 -9999.0
-9999.0 -9999.0 875.606626 838.314153 766.679242 727.474137 536.576983 711.250807 731.225642 734.919729 730.077528 717.298575 598.854277 578.716995 563.972386 762.740643 923.305819 896.354077 835.026800 830.799522 802.195277 843.584107 824.989332 835.048956 869.293301 853.624963 765.798252 807.308352 856.736515 988.404951 1057.462759 -9999.0 -9999.0
-9999.0 -9999.0 -9999.0 -9999.0 -9999.0 -9999.0 -9999.0 -9999.0 -9999.0 -9999.0 -9999.0 -9999.0 -9999.0 -9999.0 -9999.0 -9999.0 -9999.0 -9999.0 -9999.0 -9999.0 -9999.0 -9999.0 -9999.0 -9999.0 -9999.0 -9999.0 -9999.0 -9999.0 -9999.0 -9999.0 -9999.0 -9999.0 -9999.0