oms3_prj_geotop/oms3.prj.geotop/data/Panola_sim_52/output_maps/prof_falda0009.asc
ncols         33
nrows         53
xllcorner     0.000000
yllcorner     0.000000
cellsize      1.000000
NODATA_value  -9999.0
-9999.0 -9999.0 -9999.0 -9999.0 -9999.0 -9999.0 -9999.0 -9999.0 -9999.0 -9999.0 -9999.0 -9999.0 -9999.0 -9999.0 -9999.0 -9999.0 -9999.0 -9999.0 -9999.0 -9999.0 -9999.0 -9999.0 -9999.0 -9999.0 -9999.0 -9999.0 -9999.0 -9999.0 -9999.0 -9999.0 -9999.0 -9999.0 -9999.0
-9999.0 -9999.0 1172.997085 1147.353494 1138.652552 1135.498495 1149.481557 1148.455440 1140.863782 1141.156971 1134.752032 1134.108685 1134.237453 1131.461995 1134.862156 1129.261838 1126.907214 1126.730054 1128.136113 1137.787366 1137.541899 1144.333752 1144.256331 1143.876072 1143.285571 1143.329747 1151.592478 1144.139150 1136.981042 1126.814594 1121.624484 -9999.0 -9999.0
-9999.0 -9999.0 1136.886199 1131.002947 1128.369022 1131.807044 1146.593931 1142.980388 1133.413978 1130.039698 1125.865665 1124.713644 1123.518819 1122.303224 1120.544447 1112.709976 1106.961211 1105.937637 1109.534673 1114.828621 1119.066559 1124.331378 1124.455021 1121.603856 1119.016687 1119.699136 1123.226270 1134.685763 1129.131395 1123.727216 1115.418041 -9999.0 -9999.0
-9999.0 -9999.0 1114.951580 1119.191710 1124.022769 1135.914914 1174.357930 1144.900101 1136.822954 1126.825850 1127.626803 1122.703952 1126.596909 1122.775918 1129.647205 1110.145511 1087.105341 1100.317000 1101.991634 1109.074835 1117.482099 1118.955766 1130.939790 1112.884455 1109.170641 1110.045135 1109.476588 1130.841423 1179.460516 1114.559600 1095.153751 -9999.0 -9999.0
-9999.0 -9999.0 1110.942445 1111.594786 1116.006504 1125.438446 1138.046767 1131.039920 1122.507250 1117.059495 1115.165699 1113.627965 1114.278324 1114.575709 1114.770155 1107.144177 1093.692445 1092.549335 1099.547222 1105.189408 1107.632760 1105.653882 1101.752552 1095.247931 1100.157176 1101.533653 1104.355355 1111.009843 1115.884882 1104.759165 1082.223789 -9999.0 -9999.0
-9999.0 -9999.0 1106.989341 1107.315849 1109.507228 1114.332035 1123.222955 1116.284852 1109.528081 1106.950801 1104.995889 1105.484207 1105.577636 1107.051532 1109.299675 1104.924186 1109.127272 1083.945307 1079.133904 1100.480007 1115.922578 1075.253957 994.519182 1026.665559 1061.449356 1070.090546 1061.913795 1092.111938 1069.637197 1076.747148 1050.965725 -9999.0 -9999.0
-9999.0 -9999.0 1109.094734 1104.840781 1103.884783 1104.807018 1106.712216 1104.548696 1101.339231 1096.166231 1089.303787 1095.396882 1099.466755 1100.667621 1100.560944 1083.863951 1064.040542 1012.655757 1008.821473 1040.796472 1077.417005 1011.261420 963.973854 988.322173 1036.762897 1058.150660 1063.742789 1068.869231 1060.240710 1060.558661 1052.414020 -9999.0 -9999.0
-9999.0 -9999.0 1104.035713 1100.871574 1091.894816 1087.674098 1090.496735 1071.379790 1059.361761 1051.294570 1048.497679 1060.517638 1065.515318 1073.809960 1057.929271 1027.127748 972.432961 952.929252 916.684053 982.541827 1059.445891 972.496997 917.583126 978.031836 1064.154572 1071.753002 1079.192116 1082.808916 1076.946117 1074.251145 1054.172025 -9999.0 -9999.0
-9999.0 -9999.0 1108.227710 1100.307971 1066.293856 1034.303986 1014.694823 1005.837457 1012.047644 1035.650346 1035.141614 1044.105904 1060.977073 1062.713376 1045.198730 1009.596879 968.905149 949.059111 936.767090 950.225005 964.830200 939.065605 930.340292 974.738136 1047.361025 1077.903163 1087.588892 1094.013100 1087.666679 1094.470904 1080.405629 -9999.0 -9999.0
-9999.0 -9999.0 1102.829873 1080.041157 1049.375860 1014.366128 949.702598 976.018713 971.661411 999.365458 981.927387 1037.486591 1076.818607 1068.066738 1057.316811 1016.162790 978.788949 963.248290 985.339620 940.977496 908.787346 933.807558 930.303940 1000.094712 1057.140842 1100.659372 1113.062222 1109.372035 1115.044282 1099.470560 1056.113230 -9999.0 -9999.0
-9999.0 -9999.0 1113.576581 1102.036464 1076.566543 1044.771618 1015.577692 1018.457150 1016.822032 1024.185880 1030.808814 1043.450212 1054.430346 1052.511735 1042.326347 1012.102773 978.168586 947.552629 938.276885 928.986755 940.704879 987.549381 1022.218346 1050.657842 1076.948012 1100.799681 1104.935409 1104.547265 1103.651755 1090.064157 1074.493255 -9999.0 -9999.0
-9999.0 -9999.0 1103.351995 1093.013494 1081.417078 1085.473790 1106.184618 1090.283290 1079.553139 1073.744316 1081.927850 1059.442871 1023.654410 1035.671963 1033.290307 1005.083682 982.304443 930.419715 829.383645 922.758459 998.615904 1067.357270 1214.652801 1111.790142 1102.052166 1091.125043 1076.978029 1078.629735 1062.028283 1055.547878 1040.424221 -9999.0 -9999.0
-9999.0 -9999.0 1113.106677 1104.633025 1102.712078 1106.070644 1112.882161 1108.948541 1104.456036 1100.705141 1093.995135 1077.089096 1053.095036 1036.399106 1015.582436 987.495612 964.573835 928.362950 908.552198 914.758357 947.000678 1011.552881 1108.763547 1103.016382 1093.470646 1065.690379 1045.485347 1038.744257 1036.659308 1044.974073 1055.143637 -9999.0 -9999.0
-9999.0 -9999.0 1108.619603 1105.017678 1105.761530 1111.901101 1132.643805 1119.614463 1107.002331 1105.049595 1104.575740 1101.056281 1099.126579 1040.023724 998.554973 978.316563 950.919635 950.822261 950.208090 920.395443 826.674691 934.684255 978.774153 1054.504158 1058.362075 1054.014618 1019.095532 1035.430124 1027.133034 1043.651102 1033.523626 -9999.0 -9999.0
-9999.0 -9999.0 1118.792437 1106.184979 1106.672760 1113.842268 1122.515438 1121.246047 1111.961271 1110.072951 1106.833320 1101.579091 1067.630939 1012.848039 984.416335 983.698204 988.659888 996.490659 990.609419 950.086576 919.836957 928.288283 965.606169 1033.049223 1060.085800 1072.130668 1060.638476 1065.991718 1058.425627 1073.919803 1072.350339 -9999.0 -9999.0
-9999.0 -9999.0 1139.274627 1118.234716 1111.837630 1114.306648 1130.496325 1120.185984 1114.483252 1111.749783 1122.944527 1102.652834 1015.817933 996.458520 952.593519 997.789618 1048.051872 1052.216005 1070.310128 1009.392744 984.711639 927.478319 993.045862 1069.529537 1119.481564 1109.262145 1113.360384 1106.327199 1113.998356 1089.604500 1053.690254 -9999.0 -9999.0
-9999.0 -9999.0 1300.814873 1194.273833 1139.957445 1118.363132 1110.451321 1109.162465 1105.745342 1105.486158 1109.466317 1101.648503 1051.074711 1032.889274 1010.293560 1023.178951 1058.673024 1056.755288 1053.517904 1011.192434 964.218133 935.496105 970.211834 1059.046341 1111.935227 1119.143221 1120.063821 1116.524955 1113.903817 1103.550845 1090.019553 -9999.0 -9999.0
-9999.0 -9999.0 1101.921972 1105.450284 1105.150827 1104.503536 1094.345752 1101.362524 1077.807428 1100.179964 1100.235421 1102.073865 1115.642064 1094.573369 1066.039175 1049.117360 1039.722783 1044.212910 1021.635679 994.692481 954.946299 889.317442 946.934632 1042.285813 1110.180285 1119.757112 1130.488447 1116.531603 1109.972614 1101.521682 1060.188894 -9999.0 -9999.0
-9999.0 -9999.0 1115.882984 1100.421739 1108.640340 1105.789181 1103.183309 1100.541366 1088.879448 1079.409591 1093.820409 1101.264651 1112.447199 1102.880064 1076.854981 1044.718521 1027.650312 1044.684942 1024.046922 984.904599 939.820624 918.460422 948.805377 1026.650780 1102.227842 1111.374065 1114.151241 1109.651774 1105.226603 1100.736750 1078.565875 -9999.0 -9999.0
-9999.0 -9999.0 1111.750181 1113.826174 1105.601376 1139.423499 1126.286479 1136.400062 1081.705121 1104.867395 1063.078928 1103.636842 1103.497024 1101.378477 1056.825142 1038.661917 1021.764600 1027.610890 1054.364654 989.633662 935.774246 931.284232 962.096376 1024.739660 1101.251657 1103.785594 1101.160619 1103.681438 1102.847498 1094.834042 1065.254910 -9999.0 -9999.0
-9999.0 -9999.0 1145.000728 1158.360378 1142.358156 1285.786449 1304.849681 1313.282293 1243.878167 1240.118940 1163.783600 1172.515768 1131.103864 1110.145176 1082.768383 1037.846759 1018.325572 1023.143747 1021.859630 971.474955 930.876613 929.352573 953.970045 1005.141869 1070.141660 1094.637104 1089.260035 1097.231083 1096.910374 1085.285265 1086.104744 -9999.0 -9999.0
-9999.0 -9999.0 1142.942059 1160.511959 1206.969379 1500.858554 2065.614510 1644.737355 1721.627925 1480.871303 1555.940302 1327.561124 1319.548791 1137.699881 1092.791842 1059.802746 1014.997759 1014.719247 1013.005151 964.183528 919.094104 912.764574 935.708969 996.360158 1047.904231 1068.373196 1074.267356 1068.362355 1074.214022 1066.967736 1054.673633 -9999.0 -9999.0
-9999.0 -9999.0 1185.536242 1184.965156 1160.045172 1323.712869 1716.128479 1507.283889 1515.883390 1317.134825 1353.278447 1167.721317 1137.265934 1088.188881 1049.840190 1073.113611 1026.107774 1017.308966 999.114599 957.904940 921.842008 918.245428 943.232271 999.795901 1042.806915 1055.645461 1048.008893 1035.448411 1033.405394 1054.977161 1079.279388 -9999.0 -9999.0
-9999.0 -9999.0 1148.222368 1134.657738 1100.005543 1121.692257 962.231580 1105.170153 929.811381 1007.069314 831.789917 903.730553 999.555733 1043.047445 1159.316687 1176.803866 1072.589109 1034.166322 1002.208759 966.599892 931.890370 900.422885 980.722232 1020.326975 1070.314705 1046.466886 1023.838353 1007.890308 979.834651 1000.098192 1046.046936 -9999.0 -9999.0
-9999.0 -9999.0 1190.089522 1124.863860 1003.985281 950.394312 884.207624 919.041316 924.865947 929.011379 908.963255 929.987844 942.739928 1048.148226 1182.424654 1167.910441 1075.501274 1033.551173 1013.219746 978.371123 932.427608 917.259297 959.044914 1012.644479 1036.091913 1021.212740 1006.693148 1009.912473 1022.833304 1025.066313 1085.223637 -9999.0 -9999.0
-9999.0 -9999.0 1175.437325 1111.273525 983.657981 983.264544 1033.408580 1092.904412 1351.043133 1116.153293 1282.368594 1128.153762 1393.308633 1344.701285 1281.708391 1162.530166 1013.777235 1025.171185 1042.589042 998.208554 970.630064 838.712807 997.843747 1011.334049 1009.795492 1003.852014 972.390344 1035.108108 1099.160311 1057.140710 1054.776459 -9999.0 -9999.0
-9999.0 -9999.0 1308.072773 1220.104740 1077.849772 1101.572281 1128.392224 1275.960826 1306.935221 1305.005125 1335.560023 1302.891688 1382.250674 1358.201485 1207.892804 1019.946058 995.103911 1020.799236 1022.636081 988.563468 947.109503 921.899502 970.502828 1013.314322 1027.048926 1025.569301 1022.855943 1063.494609 1092.049393 1090.648324 1105.378870 -9999.0 -9999.0
-9999.0 -9999.0 1106.788609 1099.892371 1044.947153 1177.651022 1666.592740 1657.341831 1669.762453 1669.533121 1713.210557 1558.940257 1265.012642 1338.092399 1188.362630 1068.337484 1031.164991 1031.782414 1017.642287 980.976972 936.363986 943.457677 980.178260 1027.505777 1072.084125 1066.530977 1068.882844 1092.044009 1110.636538 1092.559231 1082.204280 -9999.0 -9999.0
-9999.0 -9999.0 1128.591217 1081.094785 1000.294060 1053.470117 1256.770421 1235.560530 1234.254839 1502.111043 1548.572708 1514.980166 1509.802333 1342.221330 1169.523540 1152.849405 1056.319126 1044.383839 1010.977634 976.162662 953.142971 958.940619 989.950678 1030.100602 1071.490995 1088.074671 1095.783701 1104.919721 1112.893864 1100.202545 1100.640605 -9999.0 -9999.0
-9999.0 -9999.0 1281.663953 1158.699312 1057.689888 1031.998973 1106.774959 1107.035886 1163.295447 1377.708322 1396.124709 1348.703926 1305.599138 1295.113510 1029.895773 983.495560 999.833737 1023.847220 1043.308289 1016.399922 978.512253 1017.688649 1014.464309 1047.242836 1071.155949 1095.089467 1101.915224 1106.608094 1107.686000 1086.073575 1073.595864 -9999.0 -9999.0
-9999.0 -9999.0 1126.069777 1108.729368 1062.436976 1059.634071 1102.749420 1110.482160 1184.470524 1313.192660 1191.342846 1162.727623 1128.538397 1103.133909 957.287238 918.728144 894.064841 921.864771 990.499038 1031.200412 1145.246378 1153.070817 1045.634203 1100.398105 1113.411315 1110.331229 1101.083123 1105.989925 1074.065959 1058.647826 1082.772461 -9999.0 -9999.0
-9999.0 -9999.0 1166.329274 1181.606679 1156.594101 1108.377525 1134.658378 1183.426344 1350.246929 1310.663621 1123.776249 1110.906812 1088.833743 1039.518573 1013.614109 980.060544 945.367996 968.091768 991.598053 1075.986835 1125.108386 1154.275177 1121.904343 1183.484264 1200.928896 1145.686662 1138.882236 1107.695533 1133.261498 1079.614092 1055.888571 -9999.0 -9999.0
-9999.0 -9999.0 1117.576525 1138.696091 1146.680212 1177.466929 1241.785449 1350.927892 1315.173851 1181.072543 932.490426 1020.848597 1052.743047 1042.417215 1019.937257 999.027538 980.043379 968.922213 973.825856 948.541259 931.602235 1006.417420 1104.110908 1133.664074 1142.657902 1103.148653 1109.176901 1102.039857 1102.658790 1049.291914 1064.928970 -9999.0 -9999.0
-9999.0 -9999.0 1036.892388 1100.004042 1132.352265 1347.147061 1341.292887 1314.362405 1243.251379 1169.061903 999.410502 1027.347091 1018.985709 1027.136553 1015.109875 1018.394978 1036.157459 968.610016 768.392058 777.213629 764.958125 854.702411 956.047228 1022.758244 1036.579799 1040.373210 1017.501152 1021.376436 988.787041 986.165547 1003.900110 -9999.0 -9999.0
-9999.0 -9999.0 1083.690623 1158.000119 1138.841702 1335.826145 1336.319549 1314.198129 1167.819140 1056.018296 1021.491288 1017.097707 1010.462172 1005.138602 1002.022018 1029.207628 1034.472321 965.026529 652.403379 935.078588 927.862676 949.726823 984.121108 1009.964558 1018.486085 1009.278355 987.941833 966.315736 956.953789 959.168267 1007.792722 -9999.0 -9999.0
-9999.0 -9999.0 985.922467 1043.475153 1129.836978 1266.480668 1303.115724 1240.219294 1144.716772 1000.708881 958.178463 960.668630 985.481751 989.203065 973.185070 983.809643 960.556205 1020.060194 1115.110999 1017.461293 961.687087 973.887600 986.578650 1011.097823 1007.608015 1006.318542 980.316970 962.905402 932.989800 953.238820 976.365262 -9999.0 -9999.0
-9999.0 -9999.0 1032.613714 1024.419921 1051.822020 1111.501702 1109.446360 1105.722073 1051.471147 959.664253 938.674530 954.090002 975.370166 991.176301 1016.408022 1007.943948 1007.936382 1038.656732 1084.679220 1025.316391 995.399277 1004.828745 1025.089043 1039.915369 1042.468135 1039.499320 1023.169972 1006.618930 985.618504 980.162861 1016.555738 -9999.0 -9999.0
-9999.0 -9999.0 882.661500 907.172427 838.592222 928.600346 946.311881 911.312879 918.782570 923.417146 927.485352 946.755943 959.238324 1001.453527 1030.084895 1046.873249 1074.485180 1035.896442 982.596346 1008.135125 1005.733143 1044.938173 1082.057231 1085.243640 1089.528384 1087.034194 1100.156487 1060.875679 1071.230654 1011.758204 992.814090 -9999.0 -9999.0
-9999.0 -9999.0 1031.281622 1025.729955 921.292640 860.368029 876.685143 842.294069 797.895297 762.725269 724.080281 925.464516 965.695031 1005.475449 1042.775186 1059.476784 1064.254792 1035.380423 1008.191820 1020.397134 1042.877197 1071.090446 1088.366340 1095.146718 1100.354496 1092.535571 1084.838230 1063.807898 1070.747422 1039.444074 1027.181710 -9999.0 -9999.0
-9999.0 -9999.0 1027.240951 1005.564070 969.530220 990.449620 941.755296 669.173645 611.177518 543.028589 460.299004 927.563628 964.678286 1004.699743 1034.353772 1053.816080 1052.878583 1039.414507 1036.706394 1044.052113 1082.589875 1101.435730 1117.087194 1104.443194 1096.162774 1071.305230 1047.936183 1033.995926 1004.437458 992.956448 994.446033 -9999.0 -9999.0
-9999.0 -9999.0 953.388735 1152.030608 1042.119551 1064.076863 1047.700214 951.927546 407.618899 320.705921 239.791865 921.409631 960.551984 997.455849 1027.929308 1040.666309 1036.528611 1025.760239 1023.135801 1033.380365 1062.789631 1094.098097 1104.563406 1099.107872 1061.262026 1037.056124 1023.274556 1019.673833 1016.560359 1005.524775 1016.358137 -9999.0 -9999.0
-9999.0 -9999.0 950.261482 1057.517235 1073.442885 1132.746811 1222.749984 1109.240633 987.653590 813.459942 0.000000 816.563237 935.697363 986.683439 1030.770363 1035.947395 1022.951478 1016.554417 988.096927 1016.474894 1025.978566 1055.964789 1074.798854 1053.012898 1016.598634 1012.073115 996.285014 1020.449174 1045.803298 1023.286633 1006.782746 -9999.0 -9999.0
-9999.0 -9999.0 992.693705 1058.165518 1106.156455 1148.219340 1195.360263 1136.661952 1059.957490 963.704718 829.633708 505.608232 852.255146 962.849770 1014.567694 1031.771597 1032.765696 1029.387929 1019.515049 1019.996712 1020.977355 1030.476774 1037.254934 1030.069528 1016.335233 1008.150847 1006.520787 1026.573003 1048.772550 1032.912697 1037.588985 -9999.0 -9999.0
-9999.0 -9999.0 964.234313 1020.377041 1100.545799 1133.527305 1196.467068 1123.248345 1043.290442 965.724475 860.777980 275.210754 265.729397 924.689078 1012.259205 1033.439836 1046.144545 1050.717754 1069.190576 1036.974499 1014.794764 1019.578035 1023.206634 1024.315859 1025.950806 1016.376432 1009.710642 1030.212614 1064.474779 1032.057107 1001.560964 -9999.0 -9999.0
-9999.0 -9999.0 992.074585 1016.891036 1060.914462 1102.164251 1112.459317 1080.201875 999.694393 937.172222 763.214001 0.000000 0.000000 941.987406 1003.333961 1027.739155 1039.453928 1046.591300 1049.840076 1029.684454 1011.667073 1006.630368 1008.856329 1012.109648 1018.852445 1020.808843 1017.365334 1015.717079 1019.449533 1007.396512 1008.975874 -9999.0 -9999.0
-9999.0 -9999.0 957.945678 969.590114 992.826145 1014.371523 986.010607 982.350141 941.717189 903.278604 0.000000 746.653811 933.475188 983.401182 1019.361941 1029.175925 1021.873922 1036.263978 1026.029270 1019.552001 999.346022 999.714113 992.336813 1007.233163 1007.459733 1023.796652 1037.576396 997.854322 960.747365 987.840434 984.396215 -9999.0 -9999.0
-9999.0 -9999.0 963.409370 953.779929 953.130887 955.813315 956.119852 956.056484 928.605899 0.000000 907.501682 939.326135 973.540554 996.278612 1016.408661 1031.264030 1038.849572 1039.027130 1026.383885 1016.574291 1007.789080 1002.621358 1001.634874 1006.816492 1013.709389 1020.997060 1015.849977 985.656093 966.199802 981.723989 1008.497309 -9999.0 -9999.0
-9999.0 -9999.0 939.492513 927.049850 909.959523 940.736817 967.471681 948.518534 959.967475 940.031282 957.534821 1030.563620 987.183437 999.604986 1003.973870 1045.259313 1078.438443 1057.933186 1032.850305 1022.076921 1032.756617 1029.253606 1025.168340 1032.564623 1040.196811 1036.697136 1009.682252 984.430739 968.648847 984.243921 1005.188407 -9999.0 -9999.0
-9999.0 -9999.0 954.899679 933.807060 922.743266 931.400952 926.459667 0.000000 947.776432 962.830432 967.249840 978.477341 982.089503 1025.988744 1050.329802 1081.613136 1099.010493 1091.890709 1050.410611 1033.603941 1014.639734 989.741861 985.586316 993.153419 1001.636483 1016.754283 1019.668929 1009.643805 971.264574 984.367332 1020.398091 -9999.0 -9999.0
-9999.0 -9999.0 932.703487 929.895371 929.549684 920.289244 121.992076 919.167592 949.939090 950.695587 952.822932 950.205712 975.874920 1094.542388 1123.697357 1166.140299 1195.864860 1167.788889 1038.234328 1014.155045 1003.919346 965.698393 959.721607 968.890271 991.235873 1004.178408 997.220359 988.992364 997.662395 982.674590 1012.947307 -9999.0 -9999.0
-9999.0 -9999.0 934.791105 922.798550 917.715651 903.244342 0.000000 903.023916 917.129781 917.499502 916.147259 910.569984 905.968765 865.074836 901.625911 1028.945573 1129.802298 1126.346317 1011.629284 986.670057 979.302474 931.451754 927.738742 931.768907 941.242203 976.548244 968.994510 960.058352 977.533464 1009.185827 1036.217163 -9999.0 -9999.0
-9999.0 -9999.0 927.058358 923.450436 907.410950 860.686393 754.808997 826.899623 853.428961 843.158511 821.390967 790.229160 739.785803 621.066030 607.684691 805.317195 965.073540 938.296440 930.005549 936.339847 925.447904 909.090424 900.645099 905.937692 915.137348 943.051272 881.113584 917.803265 928.821973 1008.562527 1076.707406 -9999.0 -9999.0
-9999.0 -9999.0 -9999.0 -9999.0 -9999.0 -9999.0 -9999.0 -9999.0 -9999.0 -9999.0 -9999.0 -9999.0 -9999.0 -9999.0 -9999.0 -9999.0 -9999.0 -9999.0 -9999.0 -9999.0 -9999.0 -9999.0 -9999.0 -9999.0 -9999.0 -9999.0 -9999.0 -9999.0 -9999.0 -9999.0 -9999.0 -9999.0 -9999.0