oms3_prj_geotop/oms3.prj.geotop/data/Panola_sim_52_x_calibrare/bedrock.asc
ncols 33
nrows 53
xllcorner 0
yllcorner 0
cellsize 1
NODATA_value -9999
99.62282421 99.62282421 99.62282421 118.4289132 131.3822331 146.0488993 180.937432 214.0484002 250.3406486 333.2946052 425.5724144 420.5260004 401.6288098 344.5405586 300.036186 352.3841437 466.7021368 538.4455751 548.541293 521.3082997 554.1733917 592.2492756 614.3823074 647.0614349 620.9799515 687.7781115 735.5538202 624.6064469 450.7003904 356.1280424 298.6191891 298.6191891 298.6191891
99.62282421 99.62282421 99.62282421 118.4289132 131.3822331 146.0488993 180.937432 214.0484002 250.3406486 333.2946052 425.5724144 420.5260004 401.6288098 344.5405586 300.036186 352.3841437 466.7021368 538.4455751 548.541293 521.3082997 554.1733917 592.2492756 614.3823074 647.0614349 620.9799515 687.7781115 735.5538202 624.6064469 450.7003904 356.1280424 298.6191891 298.6191891 298.6191891
133.2678337 133.2678337 133.2678337 141.4997996 155.4632548 171.1997788 184.0851885 201.1060262 255.2066827 408.975835 542.1933878 505.6044309 403.7359292 267.8805372 197.7176505 278.5247265 442.2628731 575.9574114 619.3338337 512.4446933 437.8493927 558.1755251 679.8413196 658.3782082 620.1794258 775.2915718 887.4115213 681.7076131 413.3089584 289.7401421 254.2637905 254.2637905 254.2637905
165.00439 165.00439 165.00439 203.0728498 209.3591987 215.7523446 214.2644382 217.2288554 207.0107438 492.9575798 739.185037 576.6396989 404.1401285 176.955256 0 173.5443968 426.3751202 572.9841823 716.9086 498.4860733 217.0054901 551.7872987 837.6391666 683.3504231 473.1638189 832.1935797 1007.348372 690.5415044 244.564547 220.4853951 229.7063131 229.7063131 229.7063131
203.2181264 203.2181264 203.2181264 216.1985267 233.8284661 286.1048156 283.2395217 314.0431178 395.3798404 573.3875152 681.5138221 555.620703 329.9021378 131.8601421 20.21397423 69.07975676 209.3192785 424.3072135 564.4493699 506.3388862 461.0487514 608.6374596 771.8327645 755.5004383 716.1808658 803.8228444 821.6127441 577.7490374 291.7394736 216.8945506 235.6033348 235.6033348 235.6033348
256.9262994 256.9262994 256.9262994 277.1489633 306.0593542 340.1322345 367.5728611 431.6142366 519.4692516 666.4936507 755.1232881 545.2372597 254.7319263 139.5436052 29.19215547 62.03269338 0 312.4756729 481.0675687 465.8700949 521.4234465 576.9503311 746.176648 764.544499 814.760841 762.8840982 633.6434896 500.1126065 247.5718201 276.5525334 292.56508 292.56508 292.56508
297.9589466 297.9589466 297.9589466 326.6643615 362.6992549 409.2434683 454.4185007 540.8356977 651.0063691 754.4975831 764.8099865 588.9449154 362.6161053 255.5980353 242.1174625 288.6056168 355.5705131 387.3488144 366.9584502 315.9222102 282.9019615 323.8656839 431.9297951 593.5685353 726.1718602 748.0194591 688.55064 599.136028 501.4248936 435.4742135 396.4505428 396.4505428 396.4505428
305.8234709 305.8234709 305.8234709 375.2346469 417.2025345 470.3703371 495.1055486 622.1371971 742.4362628 841.716159 882.7594741 670.8518315 421.2640206 387.5861503 447.0249553 524.7361938 752.8692011 494.9369609 306.3326295 164.3029548 0 60.01781593 49.40699016 423.3537599 683.0299067 742.575349 761.6256249 725.0317709 742.5199261 615.8107898 508.0068707 508.0068707 508.0068707
331.0941175 331.0941175 331.0941175 373.2388549 424.0738144 541.7495763 587.7823286 656.0183493 786.6947435 900.751394 926.6102131 762.8454513 555.1466947 469.663235 467.8013592 526.3373014 563.5758841 460.7827297 292.4827032 119.7860021 2.495574728 26.77550151 157.4580062 404.6342853 624.952632 712.8947537 731.4563312 742.4603019 740.274258 673.0359869 598.6304228 598.6304228 598.6304228
359.7079383 359.7079383 359.7079383 401.2235032 438.5494738 498.5099207 571.403363 657.2760553 781.1137407 902.6868469 1044.764094 837.5498521 603.6095051 541.7803905 445.4805189 488.7307068 426.4734322 422.1536144 296.123885 146.0934046 9.925922527 91.7503441 268.4457849 460.2831999 661.6264602 684.6080518 652.8090782 692.2036254 718.8923429 670.2082878 615.9709026 615.9709026 615.9709026
363.030643 363.030643 363.030643 403.5640421 451.3624393 509.0481559 547.7486257 625.1450851 690.5559319 780.4312535 851.4290677 862.4862336 823.7528271 693.088353 579.7010888 571.0487075 564.131331 496.0296383 368.9355552 225.7103896 127.2124146 154.6738433 290.7840439 483.8663927 643.1995203 662.6081684 626.7956501 627.2244143 629.8320782 624.956602 605.9206429 605.9206429 605.9206429
393.5768776 393.5768776 393.5768776 422.8701174 457.3404468 495.9408674 484.6193212 538.5209389 560.7660088 613.417918 635.3911282 807.8282097 993.8642231 784.0971412 628.4956745 668.1123078 755.56024 610.7738519 487.0621344 282.7504346 172.0398496 163.3076846 253.0906591 460.9653297 680.9789608 646.2725174 576.171831 589.9293653 557.6071672 608.7063723 630.8833545 630.8833545 630.8833545
261.2760296 261.2760296 261.2760296 416.4913552 443.48915 461.0557756 452.0609284 521.7092035 550.0333191 497.9741477 472.7919555 597.5896662 713.0307005 684.3771055 643.5341655 694.5286578 731.5641016 630.0493443 452.0247728 253.3411589 117.7375698 109.0393128 199.9542961 388.4404247 568.7914925 628.794067 627.3002222 625.7339181 617.859226 617.9113697 616.4976709 616.4976709 616.4976709
296.602126 296.602126 296.602126 330.0744832 365.9102899 403.6426048 421.7218574 487.0463509 587.2492325 408.5019913 232.8942671 390.7710246 460.2520038 547.2445316 565.073 697.3599531 761.7188919 609.5968331 404.0400789 190.1154063 9.958309373 42.76457566 107.5308623 319.2554774 518.2986999 612.3598212 673.1049427 670.5342269 681.9504338 632.5471165 607.5545003 607.5545003 607.5545003
223.1091346 223.1091346 223.1091346 296.2508441 324.6030407 349.6241744 370.4372323 374.1875541 386.0313911 359.8747274 324.6566168 354.3311196 416.4200686 504.367518 609.8914323 730.8110289 755.7369431 589.6739255 343.1248262 151.7407622 36.19706575 42.25293211 135.8712102 284.0553921 444.1664976 580.656631 660.8478833 663.9650979 637.5429996 604.7512443 578.2084572 578.2084572 578.2084572
220.4126006 220.4126006 220.4126006 277.6373739 297.1271185 312.9921941 295.3334279 287.9761908 232.1297301 370.0685278 433.1408022 388.6770446 392.4346817 500.8567947 664.3916971 800.897128 848.9438037 611.8238601 281.3347042 155.15674 48.34488539 66.52087832 164.1847602 266.602107 384.5995935 550.312352 664.1878496 629.6438081 564.4677458 555.3081092 537.2564935 537.2564935 537.2564935
172.2942422 172.2942422 172.2942422 193.6971981 215.7909273 271.0577641 287.1088654 283.9275867 333.5095104 470.61919 548.7794491 415.0332396 309.6632491 471.4740547 717.8087952 872.7726414 901.1774187 714.1450484 450.0220835 247.0751502 107.0963663 83.79209027 143.3770085 264.5552473 408.3913135 535.3881537 607.0850999 584.8559458 537.6694209 512.2235578 497.3316452 497.3316452 497.3316452
193.1623358 193.1623358 193.1623358 197.7566194 207.2502855 219.0144797 226.3428453 288.7014964 376.7957617 550.4782774 742.1383518 417.7190063 76.63003988 446.1620685 811.0956087 939.228355 1037.85682 840.6726262 611.6604007 406.6947888 164.4171445 145.3239571 126.7197983 274.9453908 441.8075923 513.6818652 575.2626155 521.9406532 483.4130549 471.7123569 472.2789239 472.2789239 472.2789239
158.8458633 158.8458633 158.8458633 162.5008409 164.5875539 197.3471826 187.2958658 246.5094469 323.4475646 446.5737659 521.3818908 402.9302727 337.7342001 509.174633 757.7795949 896.8791736 937.232986 911.5862671 819.1257232 640.3941449 453.3598619 284.4145277 205.4796924 296.6009117 421.1190004 458.9605665 444.1004115 426.563151 417.1916318 420.6872261 432.810225 432.810225 432.810225
131.7954977 131.7954977 131.7954977 146.2792148 143.0323619 144.9878602 125.1156698 163.1152056 213.1261518 281.3218 334.1806761 361.6196625 441.7647175 599.8002577 779.2639224 855.9470982 827.7394296 902.4827589 994.7877041 772.6633777 708.5172318 386.5484555 193.0858165 324.3063842 461.5697944 415.5793515 319.5287734 340.5239704 347.5190711 382.4018229 412.9532517 412.9532517 412.9532517
6.717418597 6.717418597 6.717418597 110.432438 95.58222234 81.08277307 61.58929955 58.77483381 84.01758097 114.1070031 172.6406849 298.2202295 479.0550643 678.7497051 842.9980108 897.484286 859.7341038 795.9201387 702.3894073 607.8373224 503.9848785 369.560241 297.463478 371.7306978 456.8759769 413.8308238 335.4006562 314.1125495 329.0271709 364.2614649 402.7244449 402.7244449 402.7244449
151.5792061 151.5792061 151.5792061 95.73517444 45.15147094 10.53061043 0 0 0 0 21.39534488 220.2183551 433.2031669 727.2473599 972.5955039 982.1608729 928.0453285 705.3460113 386.0840534 408.5834269 321.090705 327.0865554 311.8691508 410.2364533 533.8572898 420.3687623 328.0885005 319.7980077 326.7988548 372.8383718 408.7085489 408.7085489 408.7085489
189.562799 189.562799 189.562799 137.4545389 65.83351842 7.010285746 0 0 0 0 10.27636757 250.2764054 531.0776574 794.5481696 990.7497715 1051.175193 969.4032688 765.6803223 537.6025081 411.960791 346.3126065 349.538632 385.8327129 409.3453544 413.3367568 387.1050674 357.6292591 359.4755708 377.8825412 407.3030812 434.4472743 434.4472743 434.4472743
148.3937018 148.3937018 148.3937018 109.9358396 64.88318963 15.16080954 0 42.90257403 0 61.62197201 0 445.01771 944.4985242 979.1021731 1066.342584 1105.250301 1078.575693 860.5766682 671.9851151 491.1224951 380.2089708 405.8456603 482.7606991 391.3307414 308.6008893 364.7634179 387.9655423 428.2711242 453.3202876 501.3707076 537.9539093 537.9539093 537.9539093
269.8050615 269.8050615 269.8050615 217.9934074 178.9363556 102.4142719 102.4616422 373.8098937 598.7043445 542.0154183 493.5992288 781.3988709 1090.514807 1191.41644 1184.512724 1128.517213 1037.499956 895.2735687 722.6026974 564.830359 453.6537987 394.3938948 378.2137962 375.7161632 374.2613303 419.5113703 473.2172278 523.8844953 568.6227869 587.6526243 597.5613671 597.5613671 597.5613671
373.1697039 373.1697039 373.1697039 386.8256454 404.8836893 358.3550934 146.9959469 866.8787824 1442.750285 1109.556263 794.9903331 1105.28473 1411.257547 1318.26263 1205.802989 1134.118079 1058.391467 897.6376044 733.337149 608.8243216 512.1639739 425.7965702 310.1415651 405.6156824 451.2163666 499.2039116 573.0862591 583.4601915 684.8223849 626.3879322 617.4841191 617.4841191 617.4841191
429.386241 429.386241 429.386241 569.3418107 707.0686433 901.2188613 1155.272179 1431.184394 1623.920195 1517.746551 1370.967916 1379.478244 1375.010058 1329.20746 1210.164305 1103.902781 998.597118 891.0990304 775.0320468 650.6610273 550.1989631 506.777045 496.4232414 552.0749887 601.5456597 563.3799346 517.8138692 521.2467708 545.9713466 600.2514279 639.2221948 639.2221948 639.2221948
619.8881348 619.8881348 619.8881348 727.7585615 938.9191588 1291.87087 1752.542592 1738.333824 1803.399238 1717.646494 1759.420353 1602.559528 1446.368368 1346.008575 1185.364472 1077.481234 937.1467118 897.4580974 833.0128839 716.1646835 594.1394088 636.8289179 672.6574127 707.3399432 807.2768134 629.1730068 452.3570454 521.1631914 429.5334209 622.083437 697.9408411 697.9408411 697.9408411
746.1525311 746.1525311 746.1525311 759.6771743 939.4322146 1175.044185 1393.57705 1406.549404 1415.806226 1603.211639 1772.603582 1731.689388 1599.673052 1422.265884 1247.615713 1118.423446 1021.769725 944.933933 884.3907512 824.4280837 785.3515183 822.4918441 840.6252651 769.5563243 700.5247683 700.8548357 732.0737815 787.6547732 830.5558794 822.3261285 782.2198244 782.2198244 782.2198244
738.4972865 738.4972865 738.4972865 819.3444853 888.0808719 914.8154693 799.2572916 973.2585985 859.6450875 1406.666598 1697.861857 1664.789044 1627.585001 1409.703505 1230.766784 1109.126292 1092.621362 967.3095229 919.3417595 943.2612575 970.627976 1007.812734 1064.300696 842.2495408 568.1533562 808.0867397 1006.988887 1060.244589 1239.586917 1010.194035 868.25566 868.25566 868.25566
858.1250004 858.1250004 858.1250004 888.0203486 877.7860918 819.8778686 798.5923541 1000.411572 1220.299422 1384.071139 1461.471301 1448.699901 1368.354104 1219.668038 1074.585506 982.6051448 926.6577464 908.6559451 940.3291637 1052.935242 1150.286878 1106.078956 1019.987277 991.5453899 984.9003726 997.3121902 1033.777674 1066.507077 1085.843564 978.5798767 860.0493392 860.0493392 860.0493392
1307.842823 1307.842823 1307.842823 1216.327504 1103.805244 967.387733 788.5195819 1216.622418 1656.931614 1407.332027 1175.413959 1154.502868 1029.264745 987.816837 877.0805047 838.0771067 768.3961582 835.4324927 886.8645889 1104.391381 1350.102627 1147.04008 896.8074358 1109.33851 1341.104354 1118.161764 955.5887817 936.9691183 884.8951298 820.2096346 771.5197941 771.5197941 771.5197941
1281.034472 1281.034472 1281.034472 1263.768414 1219.221783 1194.455791 1221.646593 1380.223966 1462.030269 1304.693647 1103.168563 1007.025218 946.8777359 881.3921585 819.4580235 794.6144521 796.480972 842.1027702 915.1009977 1053.775429 1156.404389 1159.936552 1133.981074 1149.042029 1161.250826 1080.580891 954.9929524 819.196793 697.2594373 661.321089 642.7101683 642.7101683 642.7101683
1024.05232 1024.05232 1024.05232 1095.939674 1198.730914 1342.627263 1596.07349 1461.871147 1331.594319 1173.151222 952.7881496 929.7183106 928.9283631 857.4211467 796.1311796 835.3549133 832.8924415 898.9729926 914.749184 944.9949755 923.8763319 993.844687 1053.996479 1056.042248 953.5074793 969.4935046 961.6544788 730.3415999 489.595613 581.6554581 679.7929603 679.7929603 679.7929603
998.8411688 998.8411688 998.8411688 1117.316683 1234.901565 1369.727234 1460.872989 1403.976558 1268.382334 1111.854441 957.4370364 909.9841587 892.5599069 862.4677867 864.4216139 952.0286509 1019.930047 994.5584074 914.2367522 781.1056621 689.616376 709.5072143 760.9431785 778.4325273 789.6460943 826.7611926 813.9050449 693.0711929 563.1434607 572.1606526 637.2136101 637.2136101 637.2136101
956.4437045 956.4437045 956.4437045 1056.378684 1182.253398 1313.982058 1327.901223 1314.881481 1201.348273 1084.572307 968.6546007 902.6629306 879.2925373 863.068136 877.3536529 1017.794638 1026.548183 975.3095768 848.3198107 551.9774283 324.3888776 355.1919528 295.1826743 502.3450292 598.9134448 702.8905838 758.0579096 692.2541079 612.3084246 610.7157928 633.785603 633.785603 633.785603
853.5558062 853.5558062 853.5558062 999.9991571 1125.515239 1253.982205 1327.569441 1271.790105 1151.564171 1063.25658 970.2284378 860.8983914 797.3156679 838.765418 900.8223449 885.1815193 813.4430331 659.6728443 468.541606 298.8810585 185.0746727 236.1667784 335.4032628 423.6409153 503.0903337 631.4666064 728.5061956 709.2869022 659.8037178 664.4361339 674.3702154 674.3702154 674.3702154
933.0028381 933.0028381 933.0028381 972.4499127 1042.024098 1153.26589 1259.950015 1204.300883 1072.289294 1041.960126 966.4431503 808.1988853 655.8819376 776.084839 923.4948015 705.7085881 398.0378052 371.4993251 147.428157 159.260433 49.12122259 264.6841442 489.0694795 464.3259912 418.3156473 603.5062698 771.3840325 755.2256334 675.2020568 758.9256946 747.9698336 747.9698336 747.9698336
752.4575537 752.4575537 752.4575537 768.3972657 806.45282 857.7142286 934.7001513 1035.528597 1098.453603 1040.947621 915.8064871 777.339377 675.5120872 678.5163149 691.5172717 609.0312589 487.7646363 403.9084836 335.367305 307.7670891 283.2411936 361.1175977 488.7052985 545.1556797 531.391204 587.5887899 707.4546049 833.5345667 919.0232622 904.4998036 833.6163039 833.6163039 833.6163039
523.5569422 523.5569422 523.5569422 529.3933722 536.9979718 511.7678747 462.9721786 806.4758301 1132.908197 1003.588731 869.8115939 746.1108599 641.0492364 594.6702337 543.6360714 579.429496 610.1126897 547.5428215 551.4163231 556.8219897 453.4191094 409.3992482 472.4778761 630.4697681 528.4616346 510.1595724 607.4338649 840.2635004 1083.5451 988.2295198 876.7859245 876.7859245 876.7859245
374.3196114 374.3196114 374.3196114 359.169053 329.3893992 286.3860423 315.5673222 544.9041655 780.909977 839.957977 801.9339661 708.8089991 615.1367465 564.7148935 546.8222673 585.9233783 624.4631415 631.4360275 607.4150529 521.5620694 395.4965261 335.2430261 336.3628955 356.7394509 314.794876 352.781664 461.9541649 648.2709098 807.7019194 842.9297025 801.9749479 801.9749479 801.9749479
263.7279647 263.7279647 263.7279647 226.0342497 167.2904776 114.8767921 93.9108809 312.4730338 511.8934583 648.5478445 731.0398282 680.3928097 598.2335684 604.0385647 560.271868 642.8133428 662.2365511 692.7602308 666.5243279 493.7067673 271.569466 250.2487595 192.8460081 221.0442741 77.64235753 264.5892302 311.4235119 465.5733001 485.4684115 649.3568373 695.878069 695.878069 695.878069
216.1233395 216.1233395 216.1233395 128.472025 94.05271897 57.90691875 92.78332089 188.0036997 324.6899949 495.6252695 622.3686422 687.7592196 713.3852062 747.5398432 773.1718825 785.213403 788.1456089 754.7448959 685.3014638 524.9984367 353.1090624 295.4762113 313.9168672 377.377084 436.6546761 446.734994 453.2623201 492.3277211 517.2405094 573.9290235 626.7335558 626.7335558 626.7335558
158.9077572 158.9077572 158.9077572 117.5154872 32.07914584 47.3462637 96.62379315 153.9786671 187.8157003 435.5634925 598.6198735 727.4874161 824.9500488 880.2841979 968.3158559 858.5421379 870.5078688 744.5447899 713.4207151 581.2137343 397.6834543 392.4626481 452.0692602 606.1405557 862.2165909 679.7350346 603.7588187 609.1004492 545.7351625 543.4551898 617.4471927 617.4471927 617.4471927
129.1629466 129.1629466 129.1629466 37.26816729 40.58306758 78.67448856 127.8156434 231.8020512 371.1191827 511.5544036 646.1946435 767.7779601 861.4207561 894.8126001 866.5975637 721.3798331 588.323102 579.5953405 598.0114757 566.9773073 505.4988032 491.9824052 541.9892649 680.8450031 789.292156 746.8484721 655.9271526 566.2302088 484.7755663 507.3714265 569.8247794 569.8247794 569.8247794
103.5172467 103.5172467 103.5172467 89.30213556 52.71109722 78.0469269 144.4783143 290.6697625 561.0490332 566.2067916 667.7007474 746.6808422 860.0703136 813.1627966 781.046292 540.613216 234.1212455 430.2510457 535.3548587 596.8807732 604.1581601 608.6691061 584.7586489 723.5244586 779.6827225 766.9804118 666.8954167 560.3757606 400.524826 479.9844703 536.6557171 536.6557171 536.6557171
110.3355821 110.3355821 110.3355821 64.72406397 61.30832093 65.68947355 98.19352805 198.2145255 335.8015156 453.1677893 558.901082 629.8722581 654.7140712 645.1216436 583.677073 509.3391049 446.327919 508.4499085 606.2684499 700.2319558 764.5011562 779.378441 794.972601 837.9512195 867.3356439 835.5913668 760.3136071 673.5372167 604.8038408 591.1533741 594.6115548 594.6115548 594.6115548
134.771304 134.771304 134.771304 127.2793717 110.3633234 79.32808597 19.30420267 87.01337927 97.00536209 276.6007385 435.7210546 582.2173244 472.9410274 557.498266 483.5798367 630.2202502 681.1473565 707.0243902 731.4085109 828.6113828 945.3804465 918.9018533 965.5840954 932.5722254 973.3724704 914.6068164 864.5274096 819.2458281 801.0663749 732.0175483 701.7492211 701.7492211 701.7492211
158.8465371 158.8465371 158.8465371 156.5336672 154.7605078 149.0930149 131.9112506 102.5595132 88.31611576 141.7956674 222.3736375 320.4725486 463.9920867 724.2474346 844.1356749 917.1014912 973.447182 942.6705043 906.4167693 921.5411363 946.4174436 934.4861872 917.0281847 906.0835264 920.2686243 947.5501424 964.1784992 935.944184 886.2790488 828.1665136 782.3385029 782.3385029 782.3385029
239.9843209 239.9843209 239.9843209 237.3673083 237.7625784 245.4891634 270.6778577 164.323857 77.16791267 50.36042912 48.23974924 221.9197311 413.1058747 1164.336066 1179.586096 1205.868817 1274.737125 1131.689474 1022.99166 971.2188236 938.4534569 897.265682 836.9506882 833.8288737 813.7579087 948.5884902 1062.981833 1005.020317 947.384876 883.0734264 848.7605848 848.7605848 848.7605848
258.7021093 258.7021093 258.7021093 261.980182 269.0229943 274.8043589 255.5843664 168.3391782 74.46414099 23.03861076 47.42546239 197.2126518 474.3280559 994.7452103 1235.322654 1284.871663 1295.562759 1193.193974 1058.779554 991.7943029 937.6171792 888.6907086 835.7086082 818.49069 844.8653235 954.4950317 1042.613241 1033.299013 962.7503926 902.0183318 891.8725587 891.8725587 891.8725587
250.658013 250.658013 250.658013 261.5841424 304.6362326 293.8443752 271.5887005 166.0920505 77.97292251 51.15352558 48.59166229 224.2160649 417.6962196 1178.538827 1170.558166 1236.091199 1283.409263 1173.310673 1022.834237 975.9240266 923.1516999 883.2987628 839.221629 823.2955353 823.971754 951.657185 1068.549861 1027.116295 945.6889932 911.8722324 918.5298936 918.5298936 918.5298936
250.658013 250.658013 250.658013 261.5841424 304.6362326 293.8443752 271.5887005 166.0920505 77.97292251 51.15352558 48.59166229 224.2160649 417.6962196 1178.538827 1170.558166 1236.091199 1283.409263 1173.310673 1022.834237 975.9240266 923.1516999 883.2987628 839.221629 823.2955353 823.971754 951.657185 1068.549861 1027.116295 945.6889932 911.8722324 918.5298936 918.5298936 918.5298936