oms3_prj_geotop/oms3.prj.geotop/data/Panola_sim_52_x_calibrare/sky.asc
ncols         33
nrows         53
xllcorner     0.000000
yllcorner     0.000000
cellsize      1.000000
NODATA_value  -9999.0
-9999.0 -9999.0 -9999.0 -9999.0 -9999.0 -9999.0 -9999.0 -9999.0 -9999.0 -9999.0 -9999.0 -9999.0 -9999.0 -9999.0 -9999.0 -9999.0 -9999.0 -9999.0 -9999.0 -9999.0 -9999.0 -9999.0 -9999.0 -9999.0 -9999.0 -9999.0 -9999.0 -9999.0 -9999.0 -9999.0 -9999.0 -9999.0 -9999.0
-9999.0 -9999.0 0.968488 0.968488 0.968488 0.968428 0.968337 0.966869 0.966073 0.966068 0.966118 0.965348 0.965992 0.965597 0.965851 0.963851 0.962227 0.966272 0.966641 0.966934 0.966734 0.965469 0.965290 0.965447 0.965855 0.965957 0.966761 0.967094 0.967464 0.967464 0.967464 -9999.0 -9999.0
-9999.0 -9999.0 0.968488 0.968488 0.968488 0.968428 0.968337 0.966869 0.966073 0.966068 0.966118 0.965348 0.965992 0.965597 0.965851 0.963851 0.962227 0.966272 0.966641 0.966934 0.966734 0.965469 0.965290 0.965447 0.965855 0.965957 0.966761 0.967094 0.967464 0.967464 0.967464 -9999.0 -9999.0
-9999.0 -9999.0 0.968488 0.968488 0.968488 0.968428 0.968337 0.966869 0.966073 0.966068 0.966118 0.965348 0.965992 0.965597 0.965851 0.963851 0.962227 0.966272 0.966641 0.966934 0.966734 0.965469 0.965290 0.965447 0.965855 0.965957 0.966761 0.967094 0.967464 0.967464 0.967464 -9999.0 -9999.0
-9999.0 -9999.0 0.966284 0.966284 0.966284 0.965162 0.964633 0.962032 0.962499 0.962303 0.962867 0.961753 0.962719 0.962607 0.962411 0.962635 0.963563 0.963442 0.964076 0.964117 0.963218 0.959658 0.959137 0.960454 0.963291 0.961917 0.962636 0.960581 0.962207 0.962207 0.962207 -9999.0 -9999.0
-9999.0 -9999.0 0.964028 0.964028 0.964028 0.962321 0.961785 0.958887 0.959503 0.958331 0.959107 0.958264 0.958241 0.959118 0.958523 0.958175 0.958460 0.955422 0.956932 0.958013 0.958933 0.954490 0.948830 0.957378 0.961986 0.961941 0.961633 0.960539 0.960612 0.960612 0.960612 -9999.0 -9999.0
-9999.0 -9999.0 0.962245 0.962245 0.962245 0.960322 0.960331 0.957118 0.957765 0.956518 0.957425 0.956971 0.957279 0.957139 0.955777 0.950809 0.950070 0.944431 0.948617 0.952972 0.955415 0.952370 0.950257 0.955773 0.961586 0.963699 0.964558 0.964066 0.963804 0.963804 0.963804 -9999.0 -9999.0
-9999.0 -9999.0 0.960932 0.960932 0.960932 0.959003 0.958665 0.955591 0.957630 0.956134 0.957087 0.957860 0.956328 0.957721 0.955098 0.950030 0.946974 0.944220 0.937711 0.951800 0.954807 0.952825 0.947780 0.955879 0.961280 0.963439 0.965109 0.964797 0.965220 0.965220 0.965220 -9999.0 -9999.0
-9999.0 -9999.0 0.960745 0.960745 0.960745 0.957417 0.956298 0.953832 0.956819 0.955485 0.957406 0.957707 0.956542 0.957110 0.954596 0.950709 0.948479 0.948668 0.949452 0.949889 0.947442 0.949645 0.954963 0.953725 0.959886 0.961547 0.964319 0.964753 0.964910 0.964910 0.964910 -9999.0 -9999.0
-9999.0 -9999.0 0.961530 0.961530 0.961530 0.959488 0.956171 0.958325 0.958892 0.958543 0.957950 0.958764 0.958618 0.957228 0.955321 0.951638 0.951666 0.952173 0.954381 0.953223 0.947163 0.957686 0.956802 0.958911 0.960838 0.960400 0.962438 0.961123 0.962016 0.962016 0.962016 -9999.0 -9999.0
-9999.0 -9999.0 0.964020 0.964020 0.964020 0.963805 0.964025 0.963082 0.962207 0.961289 0.961163 0.958975 0.954589 0.955504 0.953505 0.950439 0.951442 0.945901 0.944178 0.952704 0.959180 0.962242 0.965248 0.961469 0.961847 0.957447 0.957724 0.955146 0.956776 0.956776 0.956776 -9999.0 -9999.0
-9999.0 -9999.0 0.964202 0.964202 0.964202 0.966354 0.965372 0.963416 0.962790 0.961361 0.961010 0.956977 0.951606 0.953891 0.952245 0.948629 0.950953 0.944193 0.931424 0.950900 0.954572 0.951515 0.959532 0.959772 0.960544 0.956891 0.956835 0.955605 0.955010 0.955010 0.955010 -9999.0 -9999.0
-9999.0 -9999.0 0.965261 0.965261 0.965261 0.964571 0.964361 0.961418 0.961466 0.959855 0.959117 0.956096 0.954495 0.953876 0.951510 0.949024 0.952294 0.950039 0.950947 0.952630 0.939839 0.934308 0.939677 0.945860 0.956407 0.955845 0.956812 0.956487 0.956443 0.956443 0.956443 -9999.0 -9999.0
-9999.0 -9999.0 0.962879 0.962879 0.962879 0.962524 0.962918 0.960012 0.958884 0.958044 0.957499 0.954058 0.952553 0.949944 0.950008 0.949408 0.952587 0.955036 0.956913 0.954026 0.936687 0.941329 0.938468 0.948503 0.956195 0.957939 0.958358 0.958491 0.958627 0.958627 0.958627 -9999.0 -9999.0
-9999.0 -9999.0 0.961425 0.961425 0.961425 0.960473 0.959848 0.956623 0.956562 0.956093 0.954953 0.949173 0.945278 0.946339 0.948101 0.950741 0.954772 0.956122 0.957389 0.958823 0.954146 0.949281 0.948953 0.952408 0.959013 0.960670 0.961450 0.962198 0.962401 0.962401 0.962401 -9999.0 -9999.0
-9999.0 -9999.0 0.960166 0.960166 0.960166 0.957592 0.956017 0.953291 0.953890 0.952968 0.954512 0.948107 0.942533 0.950629 0.948126 0.952514 0.957361 0.956536 0.958153 0.956824 0.954598 0.947765 0.951331 0.951308 0.957815 0.960557 0.961490 0.961409 0.961821 0.961821 0.961821 -9999.0 -9999.0
-9999.0 -9999.0 0.951350 0.951350 0.951350 0.951481 0.950525 0.949831 0.951385 0.948631 0.951339 0.949441 0.950099 0.954304 0.954392 0.953639 0.955317 0.951188 0.951678 0.950117 0.949200 0.941287 0.942974 0.941696 0.951024 0.954415 0.956912 0.956520 0.956278 0.956278 0.956278 -9999.0 -9999.0
-9999.0 -9999.0 0.947625 0.947625 0.947625 0.953988 0.951266 0.951282 0.948461 0.948381 0.948962 0.950984 0.952807 0.951427 0.952738 0.950923 0.952203 0.949478 0.948614 0.949322 0.947465 0.933486 0.941963 0.941266 0.949147 0.950569 0.953822 0.953220 0.952822 0.952822 0.952822 -9999.0 -9999.0
-9999.0 -9999.0 0.956918 0.956918 0.956918 0.960322 0.958360 0.956165 0.954469 0.951860 0.952284 0.951363 0.946845 0.946443 0.947582 0.945175 0.949868 0.948117 0.950457 0.950053 0.948547 0.945702 0.947834 0.942346 0.949538 0.947972 0.949929 0.950174 0.951568 0.951568 0.951568 -9999.0 -9999.0
-9999.0 -9999.0 0.954071 0.954071 0.954071 0.962912 0.964274 0.960102 0.953604 0.955206 0.949566 0.950506 0.943837 0.945291 0.941369 0.942298 0.947271 0.946087 0.950321 0.947506 0.943230 0.946892 0.946022 0.942901 0.950383 0.948676 0.948956 0.949953 0.951425 0.951425 0.951425 -9999.0 -9999.0
-9999.0 -9999.0 0.941738 0.941738 0.941738 0.951439 0.964653 0.959773 0.956122 0.955182 0.952428 0.946589 0.942481 0.941655 0.941311 0.941114 0.945828 0.943942 0.945977 0.944513 0.944900 0.944086 0.946309 0.941643 0.949119 0.950428 0.951311 0.950358 0.950945 0.950945 0.950945 -9999.0 -9999.0
-9999.0 -9999.0 0.899611 0.899611 0.899611 0.889346 0.900936 0.887764 0.894423 0.889004 0.899760 0.890453 0.909443 0.922232 0.935074 0.940513 0.944396 0.945198 0.947435 0.946629 0.942016 0.940409 0.943858 0.944171 0.949267 0.949648 0.951878 0.950218 0.950241 0.950241 0.950241 -9999.0 -9999.0
-9999.0 -9999.0 0.877369 0.877369 0.877369 0.843902 0.814491 0.806974 0.820656 0.807640 0.823003 0.836425 0.850320 0.909063 0.937711 0.944268 0.948013 0.947000 0.947215 0.948963 0.947203 0.943689 0.946756 0.946774 0.952703 0.950902 0.951331 0.948801 0.947995 0.947995 0.947995 -9999.0 -9999.0
-9999.0 -9999.0 0.869186 0.869186 0.869186 0.847672 0.790165 0.844091 0.813955 0.830021 0.813859 0.864880 0.846236 0.922238 0.947555 0.948635 0.949779 0.947289 0.947841 0.951266 0.949272 0.937883 0.949144 0.949899 0.954802 0.952422 0.952029 0.952448 0.950416 0.950416 0.950416 -9999.0 -9999.0
-9999.0 -9999.0 0.896655 0.896655 0.896655 0.901972 0.894161 0.910743 0.915308 0.942876 0.961762 0.967763 0.965093 0.955069 0.948333 0.946571 0.947516 0.946485 0.949268 0.952867 0.951134 0.943148 0.947580 0.946902 0.951615 0.952150 0.951998 0.954186 0.958608 0.958608 0.958608 -9999.0 -9999.0
-9999.0 -9999.0 0.927231 0.927231 0.927231 0.935816 0.937942 0.944271 0.949373 0.951222 0.959168 0.951711 0.954400 0.954077 0.951510 0.946209 0.941976 0.946405 0.950481 0.951868 0.952678 0.929353 0.949743 0.951111 0.954043 0.954549 0.951844 0.955181 0.959560 0.959560 0.959560 -9999.0 -9999.0
-9999.0 -9999.0 0.930484 0.930484 0.930484 0.940890 0.939814 0.943551 0.945273 0.941335 0.943142 0.938979 0.941565 0.943733 0.945733 0.944169 0.948758 0.947516 0.948255 0.950557 0.950328 0.947871 0.950968 0.952055 0.954884 0.957335 0.957286 0.955551 0.958848 0.958848 0.958848 -9999.0 -9999.0
-9999.0 -9999.0 0.933421 0.933421 0.933421 0.945301 0.946197 0.946945 0.947184 0.942802 0.940995 0.940057 0.931033 0.944439 0.945566 0.945741 0.951301 0.948314 0.949206 0.950509 0.949363 0.949262 0.951058 0.950292 0.955725 0.956097 0.957067 0.956166 0.958758 0.958758 0.958758 -9999.0 -9999.0
-9999.0 -9999.0 0.944183 0.944183 0.944183 0.949503 0.948474 0.946475 0.948676 0.944968 0.945458 0.944996 0.942967 0.947985 0.948415 0.946463 0.950722 0.946385 0.948398 0.949790 0.948610 0.948164 0.951007 0.949990 0.954006 0.955388 0.956873 0.955986 0.957505 0.957505 0.957505 -9999.0 -9999.0
-9999.0 -9999.0 0.943202 0.943202 0.943202 0.950627 0.949592 0.947225 0.949180 0.949273 0.948984 0.947061 0.946436 0.949367 0.950577 0.947420 0.949817 0.947346 0.951432 0.951905 0.945210 0.950575 0.950384 0.950996 0.955139 0.955532 0.956754 0.955606 0.956317 0.956317 0.956317 -9999.0 -9999.0
-9999.0 -9999.0 0.941598 0.941598 0.941598 0.951938 0.951626 0.950849 0.951120 0.950739 0.949606 0.950181 0.949036 0.950663 0.950312 0.947036 0.950597 0.946162 0.949988 0.952669 0.951952 0.952579 0.953359 0.952912 0.956011 0.954837 0.956353 0.953549 0.952957 0.952957 0.952957 -9999.0 -9999.0
-9999.0 -9999.0 0.948109 0.948109 0.948109 0.953641 0.953254 0.951739 0.952846 0.950755 0.951065 0.951103 0.951995 0.952805 0.950991 0.950163 0.950431 0.947892 0.950393 0.951974 0.951510 0.952914 0.953252 0.952024 0.952234 0.949650 0.949928 0.946244 0.944901 0.944901 0.944901 -9999.0 -9999.0
-9999.0 -9999.0 0.950933 0.950933 0.950933 0.954569 0.953279 0.953605 0.955519 0.952206 0.952256 0.953362 0.950637 0.952847 0.951700 0.950742 0.954804 0.953142 0.952165 0.951574 0.948548 0.946994 0.947686 0.945283 0.949181 0.941247 0.939486 0.934583 0.933336 0.933336 0.933336 -9999.0 -9999.0
-9999.0 -9999.0 0.951192 0.951192 0.951192 0.956071 0.954103 0.955179 0.956026 0.951977 0.952925 0.950755 0.950300 0.952206 0.951965 0.950823 0.955721 0.955371 0.954932 0.954195 0.945956 0.947802 0.947361 0.945481 0.948598 0.944835 0.939177 0.936240 0.933828 0.933828 0.933828 -9999.0 -9999.0
-9999.0 -9999.0 0.952883 0.952883 0.952883 0.957771 0.956977 0.955722 0.955030 0.949485 0.948736 0.948984 0.949540 0.952106 0.951234 0.949050 0.952995 0.954251 0.959021 0.958283 0.955262 0.950780 0.949612 0.946950 0.950536 0.950887 0.945116 0.947931 0.943742 0.943742 0.943742 -9999.0 -9999.0
-9999.0 -9999.0 0.952126 0.952126 0.952126 0.957999 0.956924 0.955254 0.954920 0.950027 0.946131 0.951154 0.951443 0.954395 0.953160 0.950582 0.952563 0.955357 0.957156 0.956645 0.955392 0.953060 0.951422 0.951630 0.952879 0.953633 0.953402 0.954749 0.950444 0.950444 0.950444 -9999.0 -9999.0
-9999.0 -9999.0 0.952961 0.952961 0.952961 0.957761 0.956863 0.954428 0.955780 0.954672 0.955072 0.954537 0.953631 0.955534 0.956619 0.954998 0.956517 0.950870 0.951413 0.952043 0.953033 0.955005 0.956415 0.955038 0.957912 0.957580 0.958328 0.959394 0.956961 0.956961 0.956961 -9999.0 -9999.0
-9999.0 -9999.0 0.951957 0.951957 0.951957 0.957935 0.957268 0.955137 0.955501 0.955320 0.957009 0.953563 0.952762 0.956593 0.957182 0.955478 0.956884 0.953211 0.948562 0.954963 0.951838 0.955018 0.955629 0.956016 0.957141 0.957012 0.956746 0.956640 0.957241 0.957241 0.957241 -9999.0 -9999.0
-9999.0 -9999.0 0.953086 0.953086 0.953086 0.959044 0.958470 0.956438 0.957206 0.954432 0.953329 0.951494 0.952092 0.955138 0.954880 0.952167 0.955446 0.952766 0.954345 0.956506 0.954248 0.955095 0.955571 0.954548 0.955425 0.952623 0.952710 0.951152 0.951131 0.951131 0.951131 -9999.0 -9999.0
-9999.0 -9999.0 0.953212 0.953212 0.953212 0.959212 0.959295 0.957682 0.957297 0.953706 0.951632 0.952254 0.951207 0.954524 0.953979 0.951815 0.955079 0.951227 0.953747 0.955154 0.953725 0.954399 0.954248 0.952071 0.953381 0.950791 0.949660 0.950454 0.948706 0.948706 0.948706 -9999.0 -9999.0
-9999.0 -9999.0 0.951812 0.951812 0.951812 0.957581 0.959452 0.956695 0.955488 0.952292 0.952636 0.951993 0.951105 0.953424 0.953832 0.951207 0.954441 0.949033 0.951603 0.951921 0.949167 0.949319 0.948835 0.947602 0.950548 0.950101 0.950144 0.952515 0.954122 0.954122 0.954122 -9999.0 -9999.0
-9999.0 -9999.0 0.941223 0.941223 0.941223 0.950304 0.954030 0.950889 0.950783 0.947347 0.949711 0.949126 0.948381 0.952417 0.953224 0.951561 0.954436 0.949898 0.949910 0.953312 0.948084 0.949550 0.948880 0.947321 0.950455 0.951326 0.950581 0.952259 0.953494 0.953494 0.953494 -9999.0 -9999.0
-9999.0 -9999.0 0.938789 0.938789 0.938789 0.940581 0.941944 0.938465 0.941148 0.936471 0.939729 0.943949 0.946697 0.950703 0.952089 0.950711 0.955404 0.951917 0.954025 0.954416 0.950222 0.950634 0.950000 0.950042 0.952793 0.953146 0.953023 0.952239 0.954010 0.954010 0.954010 -9999.0 -9999.0
-9999.0 -9999.0 0.934347 0.934347 0.934347 0.934973 0.935269 0.932567 0.937530 0.935673 0.938872 0.944277 0.945448 0.951237 0.952496 0.950992 0.955852 0.952321 0.955139 0.954972 0.950615 0.951446 0.950776 0.951057 0.954521 0.953276 0.953222 0.952550 0.953157 0.953157 0.953157 -9999.0 -9999.0
-9999.0 -9999.0 0.931981 0.931981 0.931981 0.927611 0.928424 0.927727 0.938723 0.938378 0.942204 0.946713 0.948430 0.950974 0.952052 0.950578 0.954453 0.949900 0.952241 0.952569 0.950968 0.950951 0.950868 0.950668 0.954367 0.953609 0.953530 0.950796 0.948762 0.948762 0.948762 -9999.0 -9999.0
-9999.0 -9999.0 0.930446 0.930446 0.930446 0.932246 0.928431 0.937316 0.943398 0.942792 0.945218 0.948785 0.949802 0.951833 0.951945 0.951011 0.954338 0.950844 0.952650 0.954105 0.951188 0.952075 0.950843 0.951474 0.954882 0.954239 0.954753 0.955328 0.945491 0.945491 0.945491 -9999.0 -9999.0
-9999.0 -9999.0 0.936258 0.936258 0.936258 0.943910 0.942499 0.948191 0.948119 0.945689 0.946889 0.949221 0.949534 0.950863 0.950824 0.950633 0.955319 0.952728 0.954534 0.954934 0.952773 0.953128 0.952081 0.952353 0.955393 0.953773 0.954004 0.955632 0.952866 0.952866 0.952866 -9999.0 -9999.0
-9999.0 -9999.0 0.942226 0.942226 0.942226 0.950274 0.951220 0.951032 0.950608 0.948796 0.948354 0.953303 0.949976 0.950225 0.948741 0.949921 0.956202 0.953577 0.954805 0.956032 0.953232 0.953369 0.952336 0.952528 0.955923 0.955011 0.954563 0.955102 0.951680 0.951680 0.951680 -9999.0 -9999.0
-9999.0 -9999.0 0.952069 0.952069 0.952069 0.952941 0.950572 0.950132 0.952289 0.949088 0.946121 0.947086 0.947110 0.950668 0.947485 0.950461 0.955664 0.953545 0.954270 0.955589 0.953785 0.953859 0.952667 0.952960 0.956505 0.955008 0.953579 0.956147 0.951740 0.951740 0.951740 -9999.0 -9999.0
-9999.0 -9999.0 0.953734 0.953734 0.953734 0.952946 0.951231 0.951631 0.953016 0.948495 0.950454 0.949313 0.949437 0.950037 0.946598 0.949047 0.955269 0.954103 0.954776 0.955399 0.954224 0.954575 0.953083 0.953141 0.956586 0.956378 0.953446 0.954925 0.953932 0.953932 0.953932 -9999.0 -9999.0
-9999.0 -9999.0 0.953734 0.953734 0.953734 0.952946 0.951231 0.951631 0.953016 0.948495 0.950454 0.949313 0.949437 0.950037 0.946598 0.949047 0.955269 0.954103 0.954776 0.955399 0.954224 0.954575 0.953083 0.953141 0.956586 0.956378 0.953446 0.954925 0.953932 0.953932 0.953932 -9999.0 -9999.0
-9999.0 -9999.0 0.953734 0.953734 0.953734 0.952946 0.951231 0.951631 0.953016 0.948495 0.950454 0.949313 0.949437 0.950037 0.946598 0.949047 0.955269 0.954103 0.954776 0.955399 0.954224 0.954575 0.953083 0.953141 0.956586 0.956378 0.953446 0.954925 0.953932 0.953932 0.953932 -9999.0 -9999.0
-9999.0 -9999.0 -9999.0 -9999.0 -9999.0 -9999.0 -9999.0 -9999.0 -9999.0 -9999.0 -9999.0 -9999.0 -9999.0 -9999.0 -9999.0 -9999.0 -9999.0 -9999.0 -9999.0 -9999.0 -9999.0 -9999.0 -9999.0 -9999.0 -9999.0 -9999.0 -9999.0 -9999.0 -9999.0 -9999.0 -9999.0 -9999.0 -9999.0