oms3_prj_geotop/oms3.prj.geotop/data/Sarno_sim_8_Gv1/input_maps/aspect.asc
ncols         152
nrows         371
xllcorner     2486737.750000
yllcorner     4520235.500000
cellsize      5.000000
NODATA_value  -9999.0
[rows 162 to 188 of 371, columns 61 to 121 of 152]
119.931000 118.227000 117.057000 118.236000 122.841000 140.748000 170.551000 201.097000 212.426000 214.485000 213.577000 210.980000 207.881000 205.038000 199.712000 192.706000 185.651000 178.492000 171.393000 164.064000 155.699000 148.619000 143.307000 136.009000 133.175000 135.602000 139.805000 147.383000 157.484000 177.025000 205.500000 227.779000 233.120000 235.269000 236.241000 239.174000 241.579000 243.841000 246.656000 247.626000 249.206000 248.742000 238.749000 223.019000 209.016000 203.515000 199.436000 198.671000 198.445000 196.052000 192.066000 186.511000 -9999.0 -9999.0 -9999.0 -9999.0 -9999.0 -9999.0 -9999.0 -9999.0 -9999.0
118.404000 118.477000 116.034000 117.206000 119.896000 131.504000 156.781000 191.352000 211.391000 216.388000 215.504000 211.046000 205.860000 201.615000 197.749000 193.017000 187.117000 179.594000 172.074000 164.609000 158.404000 151.704000 141.447000 135.368000 134.863000 137.393000 142.021000 144.444000 150.504000 177.229000 212.829000 230.858000 236.700000 239.311000 238.142000 241.940000 246.174000 250.974000 249.535000 251.054000 250.740000 247.326000 235.245000 218.822000 206.964000 197.757000 194.518000 196.708000 196.291000 195.445000 191.388000 184.910000 -9999.0 -9999.0 -9999.0 -9999.0 -9999.0 -9999.0 -9999.0 -9999.0 -9999.0
118.024000 116.774000 116.389000 115.837000 118.801000 125.639000 144.065000 178.749000 207.431000 216.161000 215.898000 212.564000 207.967000 201.119000 195.051000 191.106000 186.665000 181.720000 176.500000 169.092000 158.205000 146.916000 139.593000 135.742000 137.264000 140.267000 134.567000 133.926000 148.774000 194.770000 226.825000 235.517000 240.568000 240.105000 243.095000 242.469000 247.620000 254.678000 255.514000 256.173000 252.399000 244.818000 230.300000 214.507000 204.251000 196.855000 194.255000 194.557000 196.212000 195.702000 191.381000 185.117000 -9999.0 -9999.0 -9999.0 -9999.0 -9999.0 -9999.0 -9999.0 -9999.0 -9999.0
117.286000 115.290000 116.073000 114.860000 115.754000 119.970000 133.760000 168.858000 201.871000 215.487000 216.413000 212.171000 206.322000 201.268000 196.703000 192.789000 188.890000 183.613000 176.906000 166.799000 155.366000 145.404000 142.243000 141.830000 134.885000 128.791000 128.147000 136.192000 160.408000 211.483000 232.609000 240.012000 241.449000 243.667000 244.394000 246.572000 249.967000 259.146000 263.895000 264.284000 256.309000 241.376000 226.047000 209.327000 200.559000 197.519000 198.678000 199.014000 198.721000 196.304000 192.545000 -9999.0 -9999.0 -9999.0 -9999.0 -9999.0 -9999.0 -9999.0 -9999.0 -9999.0 -9999.0
115.880000 115.607000 114.928000 114.399000 113.632000 115.343000 121.490000 147.206000 194.871000 216.001000 217.359000 210.950000 205.035000 199.997000 195.528000 192.348000 188.750000 183.527000 175.723000 165.288000 161.064000 157.495000 145.646000 133.986000 126.389000 127.139000 129.497000 135.887000 172.225000 217.756000 237.357000 241.379000 244.090000 246.921000 246.194000 252.778000 254.408000 260.214000 269.414000 270.678000 257.115000 237.998000 220.899000 207.339000 203.255000 202.284000 201.448000 201.799000 200.403000 197.636000 192.539000 -9999.0 -9999.0 -9999.0 -9999.0 -9999.0 -9999.0 -9999.0 -9999.0 -9999.0 -9999.0
115.008000 115.133000 114.692000 114.847000 113.650000 111.751000 113.935000 125.369000 171.416000 213.744000 220.294000 214.199000 207.308000 199.700000 196.402000 195.157000 193.152000 189.563000 184.083000 177.041000 166.671000 153.727000 137.140000 130.056000 127.986000 127.862000 128.820000 135.335000 181.894000 225.899000 239.420000 242.390000 248.668000 249.404000 251.606000 255.327000 259.342000 262.480000 272.182000 266.001000 245.973000 227.640000 213.895000 208.839000 206.831000 206.062000 206.309000 206.359000 205.255000 199.493000 188.209000 -9999.0 -9999.0 -9999.0 -9999.0 -9999.0 -9999.0 -9999.0 -9999.0 -9999.0 -9999.0
114.633000 114.657000 115.364000 115.690000 115.875000 113.925000 112.933000 118.626000 137.942000 192.367000 220.368000 216.549000 207.463000 201.328000 197.832000 195.450000 195.031000 194.909000 192.085000 185.641000 165.937000 148.713000 135.982000 132.075000 134.410000 131.795000 135.105000 141.355000 184.696000 227.571000 240.029000 248.254000 248.874000 252.535000 255.529000 257.491000 263.962000 266.187000 268.432000 249.138000 229.320000 219.776000 211.800000 209.208000 209.423000 209.940000 209.462000 208.120000 206.949000 198.756000 185.169000 -9999.0 -9999.0 -9999.0 -9999.0 -9999.0 -9999.0 -9999.0 -9999.0 -9999.0 -9999.0
114.179000 115.435000 116.164000 117.520000 119.297000 119.335000 118.716000 122.132000 138.635000 176.774000 203.578000 209.814000 208.162000 202.067000 197.998000 195.265000 193.758000 190.922000 185.305000 175.734000 160.214000 153.105000 149.718000 134.831000 135.660000 145.606000 145.253000 156.627000 190.915000 227.553000 240.423000 247.250000 249.327000 254.751000 257.894000 260.560000 266.776000 266.238000 255.393000 235.970000 224.017000 217.474000 213.793000 210.699000 210.210000 210.448000 209.637000 207.799000 203.420000 197.227000 186.835000 -9999.0 -9999.0 -9999.0 -9999.0 -9999.0 -9999.0 -9999.0 -9999.0 -9999.0 -9999.0
113.764000 114.730000 116.047000 118.408000 120.948000 123.155000 123.765000 127.856000 137.142000 157.553000 191.572000 207.580000 208.273000 204.068000 199.240000 195.743000 193.531000 185.725000 178.925000 177.178000 162.199000 141.503000 143.732000 153.655000 149.416000 150.540000 158.374000 167.002000 191.824000 225.684000 237.644000 246.158000 251.560000 255.228000 259.155000 263.219000 268.010000 264.604000 247.037000 231.390000 220.247000 218.439000 215.437000 211.149000 209.756000 209.644000 209.115000 206.665000 202.046000 196.826000 188.205000 -9999.0 -9999.0 -9999.0 -9999.0 -9999.0 -9999.0 -9999.0 -9999.0 -9999.0 -9999.0
113.748000 113.255000 114.368000 117.245000 120.360000 123.783000 126.303000 129.031000 139.026000 158.859000 183.948000 197.469000 203.644000 204.319000 199.817000 194.418000 189.238000 181.236000 171.635000 164.420000 160.215000 158.018000 156.660000 157.565000 154.170000 152.532000 159.106000 173.719000 199.776000 224.288000 238.541000 245.491000 252.205000 254.274000 257.111000 263.967000 266.092000 265.654000 241.533000 228.219000 223.345000 219.965000 215.800000 211.777000 210.083000 208.627000 207.949000 206.785000 202.491000 197.636000 190.122000 -9999.0 -9999.0 -9999.0 -9999.0 -9999.0 -9999.0 -9999.0 -9999.0 -9999.0 -9999.0
113.528000 112.311000 112.755000 115.214000 118.994000 122.249000 126.652000 132.977000 143.440000 160.015000 174.495000 188.587000 197.004000 199.535000 198.353000 193.029000 187.501000 180.929000 174.823000 170.778000 169.714000 165.978000 156.817000 154.060000 153.967000 155.208000 156.450000 176.775000 208.952000 226.605000 238.845000 246.140000 250.836000 252.291000 255.244000 258.801000 260.356000 262.438000 236.876000 229.715000 224.955000 222.380000 216.188000 211.635000 208.509000 207.978000 208.162000 206.835000 203.488000 198.619000 190.852000 179.753000 -9999.0 -9999.0 -9999.0 -9999.0 -9999.0 -9999.0 -9999.0 -9999.0 -9999.0
113.601000 111.880000 111.321000 113.557000 117.204000 121.025000 125.551000 133.403000 145.225000 154.066000 168.809000 185.688000 194.317000 197.944000 197.814000 195.096000 192.323000 187.232000 180.190000 176.833000 175.923000 170.801000 160.706000 156.425000 157.709000 159.944000 162.642000 182.913000 213.409000 228.989000 239.128000 245.685000 248.796000 252.052000 253.147000 251.543000 251.284000 246.118000 228.987000 223.129000 225.736000 223.010000 215.874000 211.644000 208.692000 207.059000 206.669000 207.226000 204.966000 199.587000 190.543000 178.478000 -9999.0 -9999.0 -9999.0 -9999.0 -9999.0 -9999.0 -9999.0 -9999.0 -9999.0
113.929000 111.284000 111.121000 111.994000 115.070000 119.191000 124.702000 130.405000 138.378000 150.488000 163.578000 186.042000 200.630000 198.145000 195.283000 193.847000 193.020000 192.164000 186.736000 183.578000 174.779000 162.097000 159.732000 159.252000 161.688000 169.627000 182.219000 197.338000 212.857000 230.258000 238.714000 244.906000 249.530000 252.003000 249.952000 248.317000 248.956000 241.536000 227.116000 220.644000 227.170000 223.944000 216.482000 210.059000 207.998000 206.946000 206.790000 206.236000 203.848000 199.636000 189.484000 178.234000 -9999.0 -9999.0 -9999.0 -9999.0 -9999.0 -9999.0 -9999.0 -9999.0 -9999.0
115.600000 109.308000 111.293000 111.365000 113.497000 116.890000 121.336000 125.638000 133.164000 152.851000 164.243000 172.204000 186.826000 199.005000 202.071000 197.137000 190.059000 184.807000 182.635000 181.960000 178.264000 175.642000 172.325000 168.032000 165.911000 170.677000 184.342000 200.264000 218.016000 229.948000 239.089000 244.392000 249.880000 251.367000 251.098000 249.492000 246.017000 243.821000 237.768000 230.158000 233.398000 228.494000 217.459000 210.241000 206.276000 204.572000 204.308000 204.873000 202.832000 199.026000 190.613000 178.300000 -9999.0 -9999.0 -9999.0 -9999.0 -9999.0 -9999.0 -9999.0 -9999.0 -9999.0
116.498000 112.555000 110.013000 111.069000 112.574000 112.850000 117.970000 125.232000 143.290000 146.856000 153.125000 154.410000 165.178000 187.292000 203.125000 204.823000 199.122000 194.751000 191.050000 185.466000 181.863000 177.198000 168.838000 162.669000 162.478000 166.004000 179.162000 204.053000 223.475000 232.070000 238.023000 244.691000 249.828000 251.487000 251.411000 252.133000 250.987000 245.556000 242.231000 241.623000 234.977000 226.702000 214.091000 208.467000 204.545000 203.171000 203.242000 202.913000 200.842000 196.894000 191.094000 178.084000 166.705000 -9999.0 -9999.0 -9999.0 -9999.0 -9999.0 -9999.0 -9999.0 -9999.0
114.423000 114.913000 110.514000 110.992000 111.751000 112.823000 116.940000 121.897000 141.186000 139.578000 137.274000 142.377000 154.073000 178.136000 202.467000 214.100000 212.687000 208.246000 198.117000 188.089000 181.953000 173.988000 164.068000 153.121000 149.657000 156.197000 181.102000 217.077000 230.803000 233.796000 239.843000 245.739000 248.963000 250.718000 251.267000 253.541000 252.872000 250.059000 247.049000 241.890000 236.878000 224.552000 211.591000 205.945000 203.215000 202.315000 201.171000 200.136000 198.971000 194.722000 188.197000 177.503000 167.536000 -9999.0 -9999.0 -9999.0 -9999.0 -9999.0 -9999.0 -9999.0 -9999.0
118.885000 112.968000 111.090000 110.475000 108.662000 114.442000 114.140000 127.575000 130.459000 133.143000 136.951000 142.306000 151.452000 164.428000 184.407000 207.657000 216.124000 211.449000 205.759000 199.295000 189.853000 172.500000 154.585000 147.249000 147.510000 157.285000 182.667000 221.638000 235.417000 241.481000 244.170000 245.898000 248.652000 249.487000 250.343000 251.462000 249.734000 252.386000 248.104000 242.614000 235.577000 226.281000 216.224000 202.605000 199.806000 198.951000 198.717000 198.775000 197.398000 192.727000 185.507000 175.897000 168.785000 -9999.0 -9999.0 -9999.0 -9999.0 -9999.0 -9999.0 -9999.0 -9999.0
119.572000 113.702000 111.440000 109.979000 109.793000 112.433000 114.150000 125.828000 128.854000 132.589000 134.531000 136.545000 141.973000 152.888000 178.023000 201.581000 207.626000 214.017000 216.115000 206.311000 194.985000 177.533000 155.423000 145.883000 144.422000 157.181000 196.367000 230.892000 243.328000 248.415000 247.000000 248.597000 248.346000 247.952000 248.396000 247.812000 248.633000 250.876000 244.761000 240.585000 233.353000 224.337000 213.391000 205.896000 202.196000 199.100000 196.613000 195.910000 193.992000 189.897000 184.116000 176.017000 169.007000 -9999.0 -9999.0 -9999.0 -9999.0 -9999.0 -9999.0 -9999.0 -9999.0
118.162000 114.279000 111.307000 108.947000 110.995000 109.774000 118.186000 121.916000 127.987000 129.521000 131.061000 133.435000 137.418000 148.420000 170.648000 192.965000 209.225000 213.182000 209.012000 206.920000 200.552000 181.899000 161.278000 147.064000 141.126000 152.171000 208.564000 239.393000 249.929000 250.444000 250.378000 249.328000 248.254000 247.243000 246.695000 246.399000 247.967000 244.235000 241.877000 236.176000 229.698000 221.625000 214.667000 209.549000 204.038000 199.838000 197.950000 196.477000 192.781000 188.526000 182.995000 176.790000 170.222000 -9999.0 -9999.0 -9999.0 -9999.0 -9999.0 -9999.0 -9999.0 -9999.0
117.937000 115.562000 111.165000 109.431000 109.498000 107.200000 117.059000 118.770000 122.684000 124.929000 126.804000 129.812000 134.685000 140.553000 158.354000 189.831000 205.660000 212.471000 212.962000 206.677000 196.452000 183.083000 165.331000 152.603000 151.155000 162.682000 217.053000 246.303000 251.852000 251.240000 251.391000 249.631000 248.766000 246.925000 246.043000 245.526000 245.047000 243.750000 240.782000 231.700000 225.813000 220.678000 216.959000 211.016000 208.066000 205.661000 201.498000 197.464000 194.076000 189.540000 182.486000 176.249000 169.829000 164.340000 -9999.0 -9999.0 -9999.0 -9999.0 -9999.0 -9999.0 -9999.0
117.632000 115.043000 111.661000 109.457000 107.691000 108.381000 109.609000 115.819000 118.648000 121.440000 123.337000 125.504000 129.957000 135.748000 153.727000 182.361000 201.172000 210.068000 209.527000 206.189000 199.103000 187.523000 172.853000 159.930000 159.302000 183.306000 224.893000 251.299000 251.933000 252.364000 251.335000 249.887000 248.150000 246.804000 245.814000 244.812000 244.096000 243.437000 239.630000 232.674000 224.346000 219.755000 216.132000 213.721000 211.847000 207.688000 204.128000 201.474000 197.315000 190.392000 182.542000 177.033000 170.554000 164.746000 -9999.0 -9999.0 -9999.0 -9999.0 -9999.0 -9999.0 -9999.0
118.894000 113.298000 111.980000 108.225000 106.242000 108.029000 107.953000 112.892000 117.696000 119.719000 121.085000 122.036000 126.446000 133.071000 147.349000 174.525000 195.087000 198.817000 199.148000 201.381000 198.468000 190.017000 177.696000 167.807000 166.510000 193.662000 233.334000 251.220000 252.475000 252.508000 251.009000 249.785000 247.674000 246.311000 244.968000 244.134000 243.049000 242.566000 239.880000 234.555000 226.154000 219.239000 215.821000 214.400000 212.720000 210.903000 209.775000 205.325000 199.449000 192.289000 184.880000 178.674000 170.555000 164.511000 161.132000 -9999.0 -9999.0 -9999.0 -9999.0 -9999.0 -9999.0
119.601000 114.322000 110.602000 107.787000 105.780000 106.380000 108.776000 113.384000 117.238000 118.449000 118.409000 122.798000 120.910000 126.997000 134.663000 162.119000 187.189000 191.429000 190.981000 189.412000 190.292000 189.360000 184.384000 180.657000 180.587000 209.728000 242.826000 252.010000 253.500000 252.466000 251.156000 248.891000 246.995000 244.748000 244.136000 243.580000 242.438000 241.520000 240.222000 236.033000 226.522000 218.350000 215.696000 214.559000 213.653000 213.445000 211.593000 208.682000 204.686000 196.927000 189.242000 179.914000 170.574000 164.419000 161.291000 -9999.0 -9999.0 -9999.0 -9999.0 -9999.0 -9999.0
120.194000 115.647000 109.098000 107.879000 106.813000 107.713000 109.477000 113.588000 116.717000 116.560000 118.262000 119.570000 120.408000 122.087000 129.040000 143.260000 169.422000 177.896000 181.216000 184.617000 187.326000 189.313000 189.732000 194.180000 205.074000 226.398000 250.882000 253.894000 254.357000 252.819000 250.982000 247.980000 244.955000 243.769000 242.211000 242.184000 241.237000 239.933000 238.283000 235.360000 229.656000 219.784000 214.511000 214.095000 214.525000 214.373000 213.850000 213.261000 209.209000 202.630000 192.229000 180.457000 171.181000 163.726000 160.469000 -9999.0 -9999.0 -9999.0 -9999.0 -9999.0 -9999.0
120.447000 116.084000 110.711000 108.075000 108.887000 109.490000 111.546000 115.267000 115.643000 115.394000 119.803000 115.552000 121.869000 123.076000 128.314000 138.566000 150.763000 163.301000 173.303000 179.933000 185.387000 191.459000 198.202000 205.077000 219.138000 237.738000 252.291000 253.629000 253.989000 252.128000 249.391000 245.722000 242.600000 241.068000 240.043000 239.920000 239.185000 238.196000 236.617000 234.078000 229.512000 223.576000 217.331000 215.045000 214.710000 215.364000 216.080000 214.963000 212.438000 208.438000 199.003000 185.900000 173.674000 165.288000 161.339000 158.476000 -9999.0 -9999.0 -9999.0 -9999.0 -9999.0
122.379000 116.687000 113.792000 109.729000 109.846000 110.113000 111.408000 115.203000 115.235000 115.283000 114.744000 118.868000 120.620000 125.280000 126.678000 133.109000 143.645000 155.864000 165.110000 173.554000 182.886000 194.220000 206.798000 219.545000 233.061000 242.518000 249.338000 252.322000 251.074000 249.593000 246.088000 241.974000 239.805000 237.361000 237.395000 236.804000 237.003000 235.667000 234.528000 233.597000 230.937000 225.317000 220.436000 218.191000 216.815000 217.515000 217.438000 217.098000 217.116000 214.174000 205.425000 192.827000 176.442000 165.450000 160.833000 157.267000 -9999.0 -9999.0 -9999.0 -9999.0 -9999.0
125.145000 119.102000 116.032000 112.603000 110.215000 111.189000 112.244000 112.876000 114.243000 115.500000 111.770000 118.467000 123.028000 123.275000 126.195000 130.073000 136.429000 147.529000 161.151000 169.384000 179.800000 197.732000 219.273000 234.144000 241.661000 245.757000 247.834000 248.588000 246.993000 244.341000 240.474000 236.594000 234.832000 234.647000 234.048000 234.006000 234.302000 233.985000 233.092000 232.302000 231.630000 229.144000 224.134000 220.074000 219.759000 219.216000 218.676000 218.178000 217.178000 215.479000 212.274000 199.583000 179.120000 168.324000 163.614000 160.996000 159.756000 -9999.0 -9999.0 -9999.0 -9999.0
