oms3_prj_geotop/oms3.prj.geotop/data/Sarno_sim_8_Gv1/input_maps/aspect.asc
ncols         152
nrows         371
xllcorner     2486737.750000
yllcorner     4520235.500000
cellsize      5.000000
NODATA_value  -9999.0
[rows 270 to 296 of 371, columns 61 to 121 of 152]
127.692000 126.090000 127.117000 128.454000 129.428000 137.019000 139.954000 139.391000 138.123000 135.450000 131.180000 127.516000 139.228000 166.126000 187.928000 225.555000 228.914000 232.795000 238.197000 245.061000 251.798000 265.714000 274.624000 278.843000 281.050000 283.563000 282.665000 285.708000 300.943000 316.486000 316.900000 317.104000 309.331000 303.223000 300.329000 298.066000 294.780000 288.668000 283.410000 271.766000 248.770000 223.422000 205.236000 -9999.0 -9999.0 -9999.0 -9999.0 -9999.0 -9999.0 -9999.0 -9999.0 -9999.0 -9999.0 -9999.0 -9999.0 -9999.0 -9999.0 -9999.0 -9999.0 -9999.0 -9999.0
123.709000 123.789000 126.094000 129.804000 129.816000 135.173000 142.240000 141.184000 139.633000 136.346000 131.561000 134.871000 142.988000 170.986000 221.513000 231.552000 237.201000 238.434000 241.222000 241.577000 251.503000 262.821000 273.426000 277.231000 281.388000 285.528000 285.990000 291.108000 293.387000 305.263000 311.790000 311.096000 308.187000 304.778000 304.699000 302.692000 301.733000 291.774000 284.015000 272.379000 245.011000 217.188000 -9999.0 -9999.0 -9999.0 -9999.0 -9999.0 -9999.0 -9999.0 -9999.0 -9999.0 -9999.0 -9999.0 -9999.0 -9999.0 -9999.0 -9999.0 -9999.0 -9999.0 -9999.0 -9999.0
123.806000 123.690000 124.959000 130.955000 135.154000 136.020000 139.851000 140.829000 139.869000 135.575000 132.410000 132.325000 145.048000 219.298000 237.061000 242.136000 243.333000 242.676000 242.640000 247.949000 250.859000 263.320000 269.284000 271.218000 276.966000 282.392000 287.070000 289.702000 294.021000 298.288000 302.534000 303.723000 303.662000 304.552000 304.661000 304.008000 302.284000 295.748000 279.132000 264.093000 227.367000 -9999.0 -9999.0 -9999.0 -9999.0 -9999.0 -9999.0 -9999.0 -9999.0 -9999.0 -9999.0 -9999.0 -9999.0 -9999.0 -9999.0 -9999.0 -9999.0 -9999.0 -9999.0 -9999.0 -9999.0
122.686000 124.297000 124.692000 128.703000 135.159000 138.617000 140.859000 141.209000 139.631000 135.995000 134.987000 154.204000 182.105000 196.494000 241.665000 248.245000 246.656000 245.605000 243.571000 247.119000 248.588000 257.826000 261.426000 262.267000 268.318000 276.039000 283.353000 285.017000 289.574000 292.031000 295.453000 296.166000 295.989000 303.170000 300.290000 294.362000 285.678000 277.335000 257.813000 231.634000 -9999.0 -9999.0 -9999.0 -9999.0 -9999.0 -9999.0 -9999.0 -9999.0 -9999.0 -9999.0 -9999.0 -9999.0 -9999.0 -9999.0 -9999.0 -9999.0 -9999.0 -9999.0 -9999.0 -9999.0 -9999.0
123.646000 124.344000 125.684000 128.420000 133.270000 137.848000 140.492000 141.033000 139.428000 136.476000 133.494000 156.468000 188.416000 211.189000 246.747000 248.508000 245.113000 239.172000 238.018000 243.797000 252.030000 251.527000 250.792000 251.965000 260.465000 268.909000 277.591000 281.540000 284.017000 286.465000 287.495000 288.457000 287.030000 289.176000 284.415000 265.696000 252.113000 238.641000 228.335000 -9999.0 -9999.0 -9999.0 -9999.0 -9999.0 -9999.0 -9999.0 -9999.0 -9999.0 -9999.0 -9999.0 -9999.0 -9999.0 -9999.0 -9999.0 -9999.0 -9999.0 -9999.0 -9999.0 -9999.0 -9999.0 -9999.0
126.243000 124.507000 126.027000 130.349000 134.612000 138.453000 141.517000 141.361000 139.839000 137.614000 134.457000 150.356000 186.986000 228.897000 241.611000 245.297000 234.129000 233.786000 235.470000 238.802000 255.391000 247.889000 246.458000 254.710000 260.256000 265.653000 273.121000 277.052000 279.278000 281.818000 283.245000 279.125000 273.568000 256.645000 243.782000 237.482000 227.665000 221.379000 -9999.0 -9999.0 -9999.0 -9999.0 -9999.0 -9999.0 -9999.0 -9999.0 -9999.0 -9999.0 -9999.0 -9999.0 -9999.0 -9999.0 -9999.0 -9999.0 -9999.0 -9999.0 -9999.0 -9999.0 -9999.0 -9999.0 -9999.0
132.455000 127.947000 128.180000 131.028000 135.563000 140.319000 142.530000 142.482000 141.108000 138.960000 136.913000 142.533000 203.741000 232.498000 232.068000 227.654000 225.918000 225.578000 228.360000 235.562000 247.244000 248.315000 256.741000 262.566000 263.324000 266.517000 269.357000 271.779000 274.565000 277.493000 280.162000 275.619000 260.818000 239.584000 227.606000 221.527000 216.946000 -9999.0 -9999.0 -9999.0 -9999.0 -9999.0 -9999.0 -9999.0 -9999.0 -9999.0 -9999.0 -9999.0 -9999.0 -9999.0 -9999.0 -9999.0 -9999.0 -9999.0 -9999.0 -9999.0 -9999.0 -9999.0 -9999.0 -9999.0 -9999.0
142.167000 135.033000 131.628000 134.532000 138.095000 139.620000 142.671000 143.239000 142.267000 140.189000 144.661000 165.409000 184.701000 212.520000 226.837000 225.869000 220.478000 214.457000 223.889000 230.583000 241.719000 255.697000 259.736000 262.614000 265.424000 267.095000 267.346000 268.915000 271.337000 272.392000 273.650000 265.373000 248.598000 230.594000 219.906000 213.965000 211.031000 -9999.0 -9999.0 -9999.0 -9999.0 -9999.0 -9999.0 -9999.0 -9999.0 -9999.0 -9999.0 -9999.0 -9999.0 -9999.0 -9999.0 -9999.0 -9999.0 -9999.0 -9999.0 -9999.0 -9999.0 -9999.0 -9999.0 -9999.0 -9999.0
144.808000 139.838000 137.621000 137.925000 139.789000 141.021000 142.669000 142.286000 141.642000 142.658000 145.338000 164.596000 189.789000 215.059000 226.004000 223.263000 219.857000 220.782000 220.022000 229.465000 245.305000 254.054000 253.769000 257.858000 262.228000 264.101000 264.334000 265.630000 266.833000 265.362000 259.938000 246.241000 234.671000 222.128000 215.250000 211.134000 -9999.0 -9999.0 -9999.0 -9999.0 -9999.0 -9999.0 -9999.0 -9999.0 -9999.0 -9999.0 -9999.0 -9999.0 -9999.0 -9999.0 -9999.0 -9999.0 -9999.0 -9999.0 -9999.0 -9999.0 -9999.0 -9999.0 -9999.0 -9999.0 -9999.0
148.802000 145.082000 141.206000 139.987000 141.473000 141.369000 141.031000 140.799000 140.561000 141.311000 147.156000 165.364000 197.233000 219.174000 225.330000 224.279000 224.244000 222.515000 224.109000 232.357000 239.687000 247.656000 250.603000 254.612000 256.834000 257.869000 258.670000 260.231000 259.492000 257.233000 244.353000 237.328000 225.375000 216.682000 211.736000 208.752000 -9999.0 -9999.0 -9999.0 -9999.0 -9999.0 -9999.0 -9999.0 -9999.0 -9999.0 -9999.0 -9999.0 -9999.0 -9999.0 -9999.0 -9999.0 -9999.0 -9999.0 -9999.0 -9999.0 -9999.0 -9999.0 -9999.0 -9999.0 -9999.0 -9999.0
149.091000 144.533000 144.230000 145.016000 142.551000 141.665000 140.464000 139.899000 139.466000 139.242000 148.796000 168.440000 200.201000 222.798000 226.375000 227.673000 227.259000 226.565000 227.611000 231.658000 235.438000 244.838000 251.187000 253.861000 253.266000 252.831000 254.010000 254.177000 253.446000 248.737000 239.806000 232.376000 219.128000 213.056000 207.833000 -9999.0 -9999.0 -9999.0 -9999.0 -9999.0 -9999.0 -9999.0 -9999.0 -9999.0 -9999.0 -9999.0 -9999.0 -9999.0 -9999.0 -9999.0 -9999.0 -9999.0 -9999.0 -9999.0 -9999.0 -9999.0 -9999.0 -9999.0 -9999.0 -9999.0 -9999.0
150.591000 149.117000 147.190000 146.405000 145.381000 143.189000 141.617000 139.738000 138.638000 138.702000 154.051000 176.028000 203.314000 225.924000 228.754000 231.179000 230.532000 229.260000 229.627000 231.796000 238.226000 242.059000 251.587000 251.695000 251.590000 251.415000 251.696000 251.400000 250.223000 244.253000 240.821000 225.662000 217.927000 210.911000 -9999.0 -9999.0 -9999.0 -9999.0 -9999.0 -9999.0 -9999.0 -9999.0 -9999.0 -9999.0 -9999.0 -9999.0 -9999.0 -9999.0 -9999.0 -9999.0 -9999.0 -9999.0 -9999.0 -9999.0 -9999.0 -9999.0 -9999.0 -9999.0 -9999.0 -9999.0 -9999.0
155.328000 151.618000 149.912000 149.186000 148.158000 146.402000 143.546000 141.070000 141.347000 138.940000 153.616000 187.322000 217.145000 228.885000 233.125000 232.133000 230.779000 229.754000 230.361000 233.073000 236.476000 242.616000 249.483000 250.531000 251.621000 251.432000 251.069000 250.976000 248.181000 243.947000 236.609000 227.505000 218.855000 204.123000 -9999.0 -9999.0 -9999.0 -9999.0 -9999.0 -9999.0 -9999.0 -9999.0 -9999.0 -9999.0 -9999.0 -9999.0 -9999.0 -9999.0 -9999.0 -9999.0 -9999.0 -9999.0 -9999.0 -9999.0 -9999.0 -9999.0 -9999.0 -9999.0 -9999.0 -9999.0 -9999.0
-9999.0 154.607000 152.760000 151.503000 150.180000 148.702000 146.846000 144.586000 145.596000 145.344000 155.176000 199.719000 226.035000 232.318000 235.618000 232.148000 230.287000 229.933000 230.573000 232.405000 236.181000 243.419000 246.499000 251.331000 252.097000 252.043000 251.766000 251.120000 247.177000 243.846000 236.667000 227.367000 209.036000 -9999.0 -9999.0 -9999.0 -9999.0 -9999.0 -9999.0 -9999.0 -9999.0 -9999.0 -9999.0 -9999.0 -9999.0 -9999.0 -9999.0 -9999.0 -9999.0 -9999.0 -9999.0 -9999.0 -9999.0 -9999.0 -9999.0 -9999.0 -9999.0 -9999.0 -9999.0 -9999.0 -9999.0
-9999.0 158.134000 154.594000 152.750000 151.481000 150.466000 148.736000 148.126000 148.929000 150.108000 168.597000 216.072000 233.940000 239.029000 235.930000 233.708000 229.995000 229.441000 230.267000 232.872000 235.677000 241.949000 247.568000 251.564000 252.486000 253.109000 253.166000 250.746000 248.477000 244.121000 234.723000 223.253000 206.476000 -9999.0 -9999.0 -9999.0 -9999.0 -9999.0 -9999.0 -9999.0 -9999.0 -9999.0 -9999.0 -9999.0 -9999.0 -9999.0 -9999.0 -9999.0 -9999.0 -9999.0 -9999.0 -9999.0 -9999.0 -9999.0 -9999.0 -9999.0 -9999.0 -9999.0 -9999.0 -9999.0 -9999.0
-9999.0 160.245000 155.212000 153.565000 152.827000 151.206000 149.988000 148.441000 153.013000 165.881000 190.616000 231.479000 244.802000 243.028000 237.604000 233.533000 231.041000 229.497000 230.306000 232.422000 237.413000 240.968000 248.703000 252.169000 253.712000 254.529000 254.617000 252.570000 249.927000 241.424000 235.491000 221.582000 196.689000 -9999.0 -9999.0 -9999.0 -9999.0 -9999.0 -9999.0 -9999.0 -9999.0 -9999.0 -9999.0 -9999.0 -9999.0 -9999.0 -9999.0 -9999.0 -9999.0 -9999.0 -9999.0 -9999.0 -9999.0 -9999.0 -9999.0 -9999.0 -9999.0 -9999.0 -9999.0 -9999.0 -9999.0
-9999.0 -9999.0 156.911000 151.007000 149.976000 150.366000 148.879000 150.721000 166.731000 192.037000 202.415000 232.679000 246.886000 242.731000 240.125000 234.814000 232.550000 231.712000 230.796000 233.692000 237.126000 243.881000 249.018000 253.031000 254.780000 256.020000 256.460000 254.904000 246.977000 241.274000 235.564000 214.476000 -9999.0 -9999.0 -9999.0 -9999.0 -9999.0 -9999.0 -9999.0 -9999.0 -9999.0 -9999.0 -9999.0 -9999.0 -9999.0 -9999.0 -9999.0 -9999.0 -9999.0 -9999.0 -9999.0 -9999.0 -9999.0 -9999.0 -9999.0 -9999.0 -9999.0 -9999.0 -9999.0 -9999.0 -9999.0
-9999.0 -9999.0 155.007000 148.252000 143.634000 148.428000 152.303000 150.115000 163.102000 186.743000 211.289000 234.849000 251.117000 243.566000 240.397000 239.402000 236.187000 234.708000 234.177000 234.174000 241.819000 248.565000 249.325000 254.103000 255.711000 256.703000 256.351000 251.383000 244.531000 239.379000 227.595000 205.514000 -9999.0 -9999.0 -9999.0 -9999.0 -9999.0 -9999.0 -9999.0 -9999.0 -9999.0 -9999.0 -9999.0 -9999.0 -9999.0 -9999.0 -9999.0 -9999.0 -9999.0 -9999.0 -9999.0 -9999.0 -9999.0 -9999.0 -9999.0 -9999.0 -9999.0 -9999.0 -9999.0 -9999.0 -9999.0
-9999.0 -9999.0 -9999.0 145.266000 143.789000 144.505000 147.392000 149.436000 159.618000 193.043000 219.478000 239.833000 251.409000 248.003000 244.153000 241.764000 240.883000 238.314000 239.447000 240.306000 244.334000 251.666000 254.154000 255.494000 255.520000 255.919000 254.031000 247.090000 238.140000 229.435000 215.164000 -9999.0 -9999.0 -9999.0 -9999.0 -9999.0 -9999.0 -9999.0 -9999.0 -9999.0 -9999.0 -9999.0 -9999.0 -9999.0 -9999.0 -9999.0 -9999.0 -9999.0 -9999.0 -9999.0 -9999.0 -9999.0 -9999.0 -9999.0 -9999.0 -9999.0 -9999.0 -9999.0 -9999.0 -9999.0 -9999.0
-9999.0 -9999.0 -9999.0 147.250000 139.595000 141.603000 144.187000 146.680000 155.178000 194.769000 224.133000 248.549000 250.018000 253.172000 248.576000 245.419000 244.224000 243.599000 243.307000 250.497000 245.486000 254.284000 258.787000 257.465000 254.360000 254.461000 249.877000 239.573000 229.998000 218.859000 203.634000 -9999.0 -9999.0 -9999.0 -9999.0 -9999.0 -9999.0 -9999.0 -9999.0 -9999.0 -9999.0 -9999.0 -9999.0 -9999.0 -9999.0 -9999.0 -9999.0 -9999.0 -9999.0 -9999.0 -9999.0 -9999.0 -9999.0 -9999.0 -9999.0 -9999.0 -9999.0 -9999.0 -9999.0 -9999.0 -9999.0
-9999.0 -9999.0 -9999.0 148.694000 139.134000 136.984000 140.085000 152.939000 168.136000 195.201000 240.376000 252.704000 251.061000 257.419000 250.266000 249.279000 246.633000 247.011000 248.414000 252.011000 249.927000 256.227000 262.242000 256.920000 253.447000 252.594000 247.087000 234.820000 222.210000 203.405000 190.774000 -9999.0 -9999.0 -9999.0 -9999.0 -9999.0 -9999.0 -9999.0 -9999.0 -9999.0 -9999.0 -9999.0 -9999.0 -9999.0 -9999.0 -9999.0 -9999.0 -9999.0 -9999.0 -9999.0 -9999.0 -9999.0 -9999.0 -9999.0 -9999.0 -9999.0 -9999.0 -9999.0 -9999.0 -9999.0 -9999.0
-9999.0 -9999.0 -9999.0 146.656000 139.453000 136.621000 136.557000 155.135000 198.556000 208.580000 238.483000 253.490000 253.883000 258.089000 250.466000 249.352000 251.097000 252.297000 252.619000 254.716000 259.990000 260.591000 262.606000 258.050000 255.666000 251.922000 244.052000 229.774000 216.916000 205.007000 -9999.0 -9999.0 -9999.0 -9999.0 -9999.0 -9999.0 -9999.0 -9999.0 -9999.0 -9999.0 -9999.0 -9999.0 -9999.0 -9999.0 -9999.0 -9999.0 -9999.0 -9999.0 -9999.0 -9999.0 -9999.0 -9999.0 -9999.0 -9999.0 -9999.0 -9999.0 -9999.0 -9999.0 -9999.0 -9999.0 -9999.0
-9999.0 -9999.0 -9999.0 145.418000 138.892000 136.046000 135.832000 146.320000 188.039000 207.229000 232.354000 258.212000 256.338000 251.410000 252.227000 251.371000 253.323000 255.841000 258.775000 261.407000 265.881000 262.760000 263.357000 260.875000 257.641000 248.937000 239.499000 225.738000 212.715000 203.957000 -9999.0 -9999.0 -9999.0 -9999.0 -9999.0 -9999.0 -9999.0 -9999.0 -9999.0 -9999.0 -9999.0 -9999.0 -9999.0 -9999.0 -9999.0 -9999.0 -9999.0 -9999.0 -9999.0 -9999.0 -9999.0 -9999.0 -9999.0 -9999.0 -9999.0 -9999.0 -9999.0 -9999.0 -9999.0 -9999.0 -9999.0
-9999.0 -9999.0 -9999.0 145.456000 137.635000 135.121000 137.374000 142.251000 172.881000 212.300000 245.466000 261.442000 253.951000 246.434000 255.155000 252.849000 254.903000 258.688000 262.972000 265.813000 268.868000 266.464000 263.867000 260.448000 257.172000 249.075000 239.281000 222.444000 210.821000 202.471000 -9999.0 -9999.0 -9999.0 -9999.0 -9999.0 -9999.0 -9999.0 -9999.0 -9999.0 -9999.0 -9999.0 -9999.0 -9999.0 -9999.0 -9999.0 -9999.0 -9999.0 -9999.0 -9999.0 -9999.0 -9999.0 -9999.0 -9999.0 -9999.0 -9999.0 -9999.0 -9999.0 -9999.0 -9999.0 -9999.0 -9999.0
-9999.0 -9999.0 -9999.0 147.341000 136.100000 135.823000 136.630000 149.430000 158.717000 237.756000 261.293000 262.494000 255.553000 253.153000 253.988000 253.411000 256.837000 259.549000 263.714000 267.950000 271.571000 268.645000 264.026000 260.250000 256.648000 252.212000 236.081000 220.955000 211.109000 -9999.0 -9999.0 -9999.0 -9999.0 -9999.0 -9999.0 -9999.0 -9999.0 -9999.0 -9999.0 -9999.0 -9999.0 -9999.0 -9999.0 -9999.0 -9999.0 -9999.0 -9999.0 -9999.0 -9999.0 -9999.0 -9999.0 -9999.0 -9999.0 -9999.0 -9999.0 -9999.0 -9999.0 -9999.0 -9999.0 -9999.0 -9999.0
-9999.0 -9999.0 161.098000 144.941000 136.096000 135.476000 140.075000 176.305000 208.040000 252.132000 262.997000 262.275000 261.389000 256.364000 248.557000 253.752000 258.400000 262.123000 265.750000 270.587000 273.991000 273.201000 267.981000 260.327000 254.478000 247.390000 236.368000 222.693000 -9999.0 -9999.0 -9999.0 -9999.0 -9999.0 -9999.0 -9999.0 -9999.0 -9999.0 -9999.0 -9999.0 -9999.0 -9999.0 -9999.0 -9999.0 -9999.0 -9999.0 -9999.0 -9999.0 -9999.0 -9999.0 -9999.0 -9999.0 -9999.0 -9999.0 -9999.0 -9999.0 -9999.0 -9999.0 -9999.0 -9999.0 -9999.0 -9999.0
-9999.0 -9999.0 159.753000 143.234000 136.743000 134.478000 137.460000 173.508000 212.898000 253.496000 264.571000 260.685000 258.312000 251.934000 248.238000 254.684000 258.761000 265.018000 269.508000 273.784000 276.204000 274.623000 267.789000 259.308000 252.045000 245.112000 232.338000 -9999.0 -9999.0 -9999.0 -9999.0 -9999.0 -9999.0 -9999.0 -9999.0 -9999.0 -9999.0 -9999.0 -9999.0 -9999.0 -9999.0 -9999.0 -9999.0 -9999.0 -9999.0 -9999.0 -9999.0 -9999.0 -9999.0 -9999.0 -9999.0 -9999.0 -9999.0 -9999.0 -9999.0 -9999.0 -9999.0 -9999.0 -9999.0 -9999.0 -9999.0
