oms3_prj_geotop/oms3.prj.geotop/data/Sarno_sim_8_Gv1/input_maps/aspect.asc
ncols         152
nrows         371
xllcorner     2486737.750000
yllcorner     4520235.500000
cellsize      5.000000
NODATA_value  -9999.0
[rows 108 to 134 of 371, columns 61 to 121 of 152]
177.995000 178.995000 180.482000 181.969000 183.126000 184.271000 185.550000 186.834000 188.023000 189.001000 190.094000 191.583000 193.592000 194.860000 195.885000 196.969000 198.638000 200.217000 200.730000 201.069000 200.790000 199.942000 198.576000 196.742000 195.704000 194.703000 193.768000 193.093000 192.453000 191.930000 192.767000 196.309000 199.882000 202.174000 203.921000 204.551000 204.685000 206.691000 207.434000 207.406000 208.704000 207.317000 205.873000 205.564000 207.842000 209.121000 207.684000 208.068000 208.910000 210.347000 212.809000 214.256000 213.770000 214.059000 214.328000 213.275000 213.426000 214.217000 213.465000 211.416000 210.819000
177.149000 179.203000 180.740000 182.228000 183.586000 184.631000 185.505000 187.373000 187.368000 187.684000 191.654000 194.801000 193.117000 191.334000 193.239000 195.263000 197.819000 198.861000 199.723000 200.889000 201.869000 201.822000 199.078000 196.257000 195.377000 194.315000 193.876000 193.363000 192.422000 192.162000 191.837000 191.655000 195.137000 198.114000 200.620000 203.711000 205.017000 205.892000 206.340000 207.231000 207.609000 207.135000 207.055000 207.352000 206.481000 205.882000 207.861000 208.909000 208.624000 208.731000 209.719000 211.067000 213.496000 213.788000 212.810000 212.339000 212.735000 213.021000 210.408000 209.530000 207.364000
177.551000 179.486000 180.962000 182.362000 183.497000 184.135000 184.511000 184.362000 184.031000 183.194000 182.804000 183.319000 188.791000 200.494000 205.652000 203.092000 198.415000 195.783000 197.609000 199.979000 202.427000 202.134000 198.509000 195.870000 195.533000 193.599000 192.462000 191.744000 190.884000 190.721000 190.680000 190.940000 193.620000 195.103000 195.770000 198.208000 201.946000 205.359000 206.845000 207.904000 208.416000 207.814000 207.408000 207.438000 207.406000 208.241000 208.393000 208.457000 209.456000 210.645000 210.129000 210.050000 210.205000 211.600000 213.339000 211.506000 210.905000 211.041000 209.370000 208.180000 -9999.0
179.328000 180.206000 181.319000 182.636000 183.580000 183.983000 184.041000 183.919000 183.395000 182.589000 182.941000 183.890000 187.772000 194.965000 196.533000 200.325000 207.314000 207.384000 202.031000 199.216000 199.262000 199.208000 198.570000 198.662000 197.614000 194.423000 191.020000 189.866000 189.590000 189.209000 190.147000 190.890000 191.393000 192.037000 192.387000 192.967000 197.880000 204.061000 207.863000 209.083000 209.591000 209.319000 208.695000 208.316000 208.600000 208.964000 209.496000 210.246000 210.417000 210.242000 210.608000 211.028000 210.257000 209.683000 210.419000 211.281000 210.407000 207.870000 207.065000 -9999.0 -9999.0
180.585000 181.035000 182.173000 182.763000 183.342000 183.785000 183.432000 182.878000 182.602000 182.787000 183.652000 185.572000 191.093000 199.399000 202.701000 204.388000 204.788000 205.069000 206.395000 203.635000 201.896000 199.436000 195.310000 196.649000 198.204000 196.423000 194.048000 193.344000 190.985000 189.789000 190.426000 189.972000 191.035000 192.718000 193.406000 194.295000 195.953000 198.528000 201.197000 208.333000 213.279000 211.698000 210.271000 209.562000 209.676000 210.118000 210.555000 210.857000 211.135000 211.167000 210.741000 210.046000 209.477000 209.509000 209.291000 208.825000 210.009000 209.169000 206.108000 -9999.0 -9999.0
182.369000 182.079000 182.424000 182.738000 182.961000 183.036000 182.766000 182.490000 182.543000 184.174000 185.517000 189.872000 196.904000 202.239000 204.072000 206.023000 206.606000 206.660000 206.191000 205.071000 204.909000 201.817000 198.488000 196.651000 195.243000 193.766000 193.700000 194.748000 193.749000 192.532000 192.874000 192.631000 192.451000 192.118000 192.128000 192.650000 193.023000 196.862000 202.200000 206.536000 208.984000 212.527000 212.758000 210.887000 210.618000 211.000000 211.605000 211.951000 212.116000 211.648000 210.740000 209.896000 208.781000 208.051000 207.896000 208.191000 207.680000 206.648000 -9999.0 -9999.0 -9999.0
184.252000 183.633000 182.740000 182.520000 182.662000 182.371000 181.884000 181.810000 182.576000 184.662000 189.810000 195.074000 200.944000 206.636000 208.022000 206.417000 203.736000 204.400000 205.771000 205.631000 204.766000 202.604000 199.760000 195.874000 192.371000 191.534000 189.823000 190.571000 192.090000 192.902000 195.878000 195.168000 192.295000 191.377000 191.893000 193.251000 194.857000 195.995000 197.739000 199.469000 206.886000 213.018000 212.063000 211.821000 212.002000 212.528000 212.787000 213.025000 213.065000 212.360000 211.085000 209.905000 208.849000 207.478000 206.298000 205.139000 204.794000 205.687000 -9999.0 -9999.0 -9999.0
186.256000 184.556000 183.297000 182.515000 181.901000 181.681000 181.181000 181.040000 181.716000 183.846000 189.860000 197.794000 205.982000 210.913000 209.129000 204.870000 202.881000 202.023000 203.116000 203.653000 203.170000 201.640000 197.774000 193.428000 190.583000 188.886000 187.515000 186.931000 187.043000 188.590000 190.595000 192.001000 194.951000 197.024000 197.719000 198.050000 194.958000 192.890000 195.793000 199.456000 203.241000 205.029000 209.985000 213.586000 213.138000 213.814000 214.320000 214.399000 213.884000 213.343000 212.255000 210.738000 208.782000 206.982000 206.522000 204.492000 202.119000 -9999.0 -9999.0 -9999.0 -9999.0
187.790000 185.587000 183.496000 182.172000 181.342000 180.592000 180.537000 180.809000 181.394000 183.796000 190.228000 198.462000 205.683000 209.811000 210.503000 206.970000 200.353000 198.703000 201.156000 200.384000 198.959000 197.086000 194.260000 191.177000 188.088000 186.933000 186.387000 186.177000 186.570000 187.345000 188.500000 189.947000 191.240000 192.119000 193.028000 195.566000 198.089000 199.970000 203.098000 201.779000 198.573000 201.462000 207.676000 208.462000 212.811000 215.708000 215.561000 215.496000 215.641000 215.109000 213.192000 211.638000 210.225000 208.900000 206.586000 204.068000 203.187000 -9999.0 -9999.0 -9999.0 -9999.0
189.146000 186.367000 183.617000 181.701000 180.494000 179.908000 179.938000 180.436000 181.631000 184.148000 189.093000 197.587000 204.074000 206.907000 206.730000 204.210000 202.704000 202.034000 200.828000 197.345000 193.708000 192.498000 191.210000 188.136000 186.361000 185.876000 185.469000 185.642000 186.223000 186.759000 188.305000 189.839000 190.704000 191.815000 192.435000 193.125000 193.918000 194.265000 194.667000 198.980000 207.142000 212.201000 208.281000 205.956000 210.652000 213.337000 216.276000 216.682000 216.251000 216.314000 216.103000 214.119000 213.183000 210.610000 206.467000 205.755000 203.579000 -9999.0 -9999.0 -9999.0 -9999.0
190.154000 186.716000 182.743000 180.244000 179.155000 179.027000 179.251000 179.378000 180.790000 182.881000 187.698000 197.101000 203.618000 205.486000 205.227000 203.815000 202.190000 201.125000 199.907000 197.538000 194.717000 193.611000 190.205000 185.882000 184.973000 184.909000 184.858000 184.893000 185.007000 185.280000 186.648000 186.931000 187.209000 190.782000 192.941000 193.579000 194.962000 194.998000 195.602000 198.096000 201.524000 206.375000 212.540000 216.103000 213.424000 212.149000 214.240000 216.174000 216.789000 217.030000 216.592000 217.270000 216.844000 213.118000 212.916000 207.335000 -9999.0 -9999.0 -9999.0 -9999.0 -9999.0
190.368000 186.029000 181.457000 179.216000 178.397000 178.224000 178.292000 178.731000 179.374000 180.841000 185.744000 196.107000 203.763000 205.865000 205.794000 204.534000 202.924000 201.784000 200.047000 197.054000 194.407000 191.979000 188.640000 185.894000 184.573000 184.415000 184.899000 184.850000 184.857000 185.361000 186.048000 185.925000 185.777000 186.767000 188.765000 191.663000 194.659000 196.879000 198.858000 202.329000 206.069000 209.354000 212.417000 214.150000 214.728000 214.720000 215.006000 215.021000 215.724000 216.421000 216.585000 217.039000 217.146000 217.654000 214.264000 209.664000 -9999.0 -9999.0 -9999.0 -9999.0 -9999.0
189.380000 185.259000 180.849000 178.016000 177.218000 177.190000 177.193000 178.243000 179.283000 181.716000 186.776000 194.202000 201.565000 204.855000 205.181000 205.216000 204.710000 203.718000 201.011000 197.801000 194.442000 190.408000 187.373000 185.267000 184.119000 183.884000 183.917000 184.152000 184.585000 185.336000 186.083000 185.842000 184.020000 183.441000 185.444000 189.505000 195.013000 199.003000 202.274000 205.296000 208.535000 211.896000 213.938000 214.820000 214.798000 214.903000 214.617000 213.994000 214.950000 215.996000 215.927000 214.522000 214.544000 214.403000 217.994000 -9999.0 -9999.0 -9999.0 -9999.0 -9999.0 -9999.0
188.915000 184.667000 180.081000 176.973000 175.671000 175.821000 176.520000 177.306000 178.639000 181.632000 186.753000 193.136000 200.102000 204.217000 205.239000 205.108000 204.835000 204.190000 202.074000 199.246000 195.152000 190.090000 186.630000 184.829000 183.830000 183.435000 183.289000 184.047000 185.267000 185.697000 185.937000 185.905000 184.926000 183.871000 184.406000 187.596000 192.655000 198.135000 203.956000 208.737000 211.384000 213.228000 214.623000 214.892000 214.795000 214.674000 214.504000 214.246000 213.625000 213.164000 213.506000 214.872000 212.956000 209.317000 207.415000 -9999.0 -9999.0 -9999.0 -9999.0 -9999.0 -9999.0
189.275000 184.399000 179.306000 175.631000 174.220000 174.455000 175.026000 175.982000 177.898000 180.544000 185.407000 193.353000 200.386000 203.723000 205.182000 205.528000 205.326000 204.393000 202.562000 199.642000 195.692000 191.386000 187.725000 185.235000 183.918000 183.330000 183.145000 183.475000 184.618000 185.511000 185.717000 185.623000 185.420000 184.729000 184.851000 187.331000 192.045000 198.197000 204.134000 208.810000 212.264000 214.421000 214.885000 214.724000 214.440000 214.233000 214.126000 213.913000 213.377000 212.430000 210.406000 208.900000 209.031000 209.735000 -9999.0 -9999.0 -9999.0 -9999.0 -9999.0 -9999.0 -9999.0
189.344000 183.666000 178.165000 174.743000 172.957000 172.469000 173.489000 174.733000 176.203000 179.733000 185.171000 193.903000 200.358000 203.218000 205.299000 205.681000 205.286000 204.589000 203.062000 200.280000 196.533000 192.510000 188.593000 185.491000 184.048000 183.387000 183.298000 183.655000 183.848000 184.730000 185.835000 185.920000 185.447000 185.041000 185.808000 188.388000 192.031000 196.667000 202.184000 208.195000 213.312000 215.546000 215.598000 214.626000 213.965000 213.670000 213.542000 213.132000 212.629000 211.725000 210.171000 207.485000 203.884000 199.764000 -9999.0 -9999.0 -9999.0 -9999.0 -9999.0 -9999.0 -9999.0
189.912000 183.025000 176.581000 173.381000 171.437000 171.062000 171.904000 173.200000 175.122000 178.485000 184.352000 192.784000 200.123000 203.772000 205.061000 205.619000 205.394000 205.077000 203.836000 200.873000 197.032000 193.650000 189.296000 185.350000 183.925000 183.332000 183.232000 183.537000 183.849000 184.398000 185.399000 185.301000 184.793000 185.275000 187.606000 190.090000 191.939000 196.401000 202.508000 208.155000 212.666000 216.222000 216.430000 214.628000 213.721000 213.104000 212.649000 212.311000 211.607000 209.749000 208.420000 206.343000 203.925000 198.941000 -9999.0 -9999.0 -9999.0 -9999.0 -9999.0 -9999.0 -9999.0
190.455000 182.719000 176.170000 172.781000 171.251000 170.671000 170.363000 171.417000 173.213000 175.671000 182.156000 192.173000 199.767000 203.313000 205.184000 205.758000 205.655000 205.477000 204.516000 201.584000 197.454000 193.484000 188.960000 185.770000 184.185000 183.354000 183.250000 183.442000 183.763000 184.147000 184.274000 184.276000 184.437000 186.514000 189.808000 190.804000 191.344000 197.054000 204.424000 208.394000 213.738000 216.912000 216.285000 214.803000 213.329000 212.376000 212.023000 211.248000 210.261000 208.538000 205.398000 201.682000 198.985000 -9999.0 -9999.0 -9999.0 -9999.0 -9999.0 -9999.0 -9999.0 -9999.0
189.856000 182.241000 176.944000 173.079000 171.041000 170.349000 169.531000 169.540000 170.830000 173.874000 181.197000 191.702000 198.971000 203.228000 205.670000 205.788000 205.713000 205.667000 205.173000 202.422000 198.040000 193.176000 188.857000 186.250000 184.517000 183.675000 183.387000 183.350000 183.469000 183.617000 183.744000 183.604000 184.139000 185.494000 187.811000 190.886000 195.940000 203.866000 207.527000 209.522000 212.910000 215.606000 216.196000 213.832000 212.511000 211.653000 210.602000 209.908000 208.718000 205.859000 201.434000 197.165000 194.726000 -9999.0 -9999.0 -9999.0 -9999.0 -9999.0 -9999.0 -9999.0 -9999.0
189.784000 183.758000 177.839000 173.384000 171.912000 171.641000 170.927000 170.670000 171.100000 174.229000 180.404000 189.713000 199.234000 204.605000 205.882000 206.725000 206.788000 205.964000 205.287000 203.100000 199.025000 193.742000 189.089000 185.789000 184.288000 183.515000 183.146000 182.931000 182.946000 183.059000 183.216000 183.353000 184.045000 185.431000 186.257000 192.319000 202.387000 207.436000 207.898000 210.310000 212.792000 213.856000 213.399000 212.754000 211.381000 209.631000 208.722000 207.402000 206.249000 203.564000 197.738000 193.565000 188.750000 -9999.0 -9999.0 -9999.0 -9999.0 -9999.0 -9999.0 -9999.0 -9999.0
188.160000 184.768000 180.697000 178.075000 175.435000 173.296000 172.082000 171.756000 171.613000 174.709000 181.933000 190.507000 200.357000 206.517000 207.701000 207.553000 206.592000 205.677000 204.704000 202.889000 198.427000 193.909000 190.108000 186.056000 184.158000 183.312000 182.906000 182.599000 182.380000 182.311000 182.794000 183.265000 183.355000 186.400000 192.621000 196.518000 202.303000 207.124000 208.508000 209.924000 211.231000 212.292000 212.210000 210.794000 208.597000 207.877000 207.083000 204.374000 202.659000 199.695000 196.011000 192.289000 187.554000 -9999.0 -9999.0 -9999.0 -9999.0 -9999.0 -9999.0 -9999.0 -9999.0
186.734000 185.249000 183.159000 180.988000 178.746000 177.137000 175.725000 174.443000 174.402000 176.733000 183.790000 193.176000 202.472000 207.988000 208.759000 208.014000 206.725000 205.131000 203.222000 201.167000 197.976000 194.341000 190.915000 187.450000 184.674000 182.860000 182.136000 181.654000 180.832000 181.096000 181.451000 182.377000 185.407000 192.152000 197.410000 197.476000 198.008000 203.048000 208.330000 209.775000 211.021000 211.159000 210.576000 209.289000 207.734000 206.165000 203.428000 201.904000 200.603000 198.138000 195.090000 190.881000 187.890000 -9999.0 -9999.0 -9999.0 -9999.0 -9999.0 -9999.0 -9999.0 -9999.0
186.504000 184.223000 182.427000 180.351000 178.702000 177.249000 175.159000 173.282000 172.636000 175.333000 185.476000 197.582000 205.452000 209.517000 209.460000 208.113000 206.204000 203.435000 202.222000 200.379000 197.324000 194.093000 190.903000 187.814000 184.838000 182.571000 180.668000 179.821000 179.596000 180.280000 181.130000 182.693000 188.301000 192.689000 192.529000 194.224000 199.388000 205.825000 208.279000 209.186000 210.506000 210.037000 209.090000 207.857000 206.451000 204.543000 202.996000 201.080000 198.323000 195.758000 192.878000 189.698000 186.948000 -9999.0 -9999.0 -9999.0 -9999.0 -9999.0 -9999.0 -9999.0 -9999.0
186.794000 184.450000 182.189000 179.956000 177.761000 175.556000 173.157000 171.271000 171.481000 175.815000 187.807000 199.759000 206.441000 209.812000 210.380000 208.775000 205.557000 202.994000 200.685000 198.056000 195.205000 192.677000 190.553000 186.942000 183.441000 181.101000 178.830000 177.759000 177.971000 179.111000 181.169000 183.772000 187.839000 191.266000 192.805000 197.351000 202.725000 205.623000 208.315000 209.896000 209.587000 209.094000 208.496000 206.671000 205.210000 203.523000 201.614000 199.733000 198.530000 195.665000 192.478000 189.848000 186.804000 -9999.0 -9999.0 -9999.0 -9999.0 -9999.0 -9999.0 -9999.0 -9999.0
186.905000 184.087000 181.291000 178.710000 176.258000 173.742000 171.595000 170.113000 172.099000 178.783000 188.638000 199.860000 207.555000 209.627000 209.186000 208.014000 206.246000 203.692000 200.050000 196.478000 194.010000 191.089000 187.820000 184.952000 181.882000 178.730000 176.640000 176.276000 176.956000 178.526000 180.552000 183.068000 186.833000 191.089000 195.632000 199.891000 202.911000 207.061000 210.465000 211.361000 209.859000 208.030000 206.874000 206.415000 205.665000 202.490000 199.765000 197.539000 196.581000 195.205000 192.265000 189.259000 -9999.0 -9999.0 -9999.0 -9999.0 -9999.0 -9999.0 -9999.0 -9999.0 -9999.0
187.644000 184.273000 180.428000 177.157000 173.895000 171.184000 169.829000 169.390000 171.888000 179.996000 191.220000 202.220000 208.356000 209.347000 208.498000 207.004000 205.276000 202.809000 200.008000 197.106000 193.527000 189.990000 186.146000 182.225000 179.115000 176.922000 175.528000 175.320000 175.724000 177.381000 179.736000 182.584000 187.442000 191.704000 196.315000 200.542000 204.380000 208.768000 211.922000 212.541000 211.502000 209.993000 207.488000 205.541000 203.907000 203.496000 202.412000 198.867000 195.911000 191.842000 188.630000 185.802000 -9999.0 -9999.0 -9999.0 -9999.0 -9999.0 -9999.0 -9999.0 -9999.0 -9999.0
189.680000 184.484000 179.138000 175.396000 171.766000 169.358000 168.297000 168.324000 172.320000 181.976000 193.658000 204.382000 209.359000 208.943000 207.745000 206.382000 204.620000 202.608000 200.290000 197.000000 193.065000 188.745000 184.562000 180.986000 177.653000 175.389000 174.372000 174.021000 174.515000 176.033000 178.187000 182.261000 187.401000 193.479000 198.024000 200.437000 205.705000 211.609000 215.156000 216.145000 214.187000 210.266000 207.155000 205.492000 204.541000 203.046000 201.502000 200.472000 198.254000 194.286000 190.830000 185.989000 -9999.0 -9999.0 -9999.0 -9999.0 -9999.0 -9999.0 -9999.0 -9999.0 -9999.0
