oms3_prj_geotop/oms3.prj.geotop/data/Sarno_sim_8_Gv1/input_maps/aspect.asc
ncols         152
nrows         371
xllcorner     2486737.750000
yllcorner     4520235.500000
cellsize      5.000000
NODATA_value  -9999.0
[rows 81 to 107 of 371, columns 61 to 121 of 152]
185.826000 186.163000 186.456000 186.601000 186.470000 186.199000 185.665000 184.811000 184.269000 183.913000 183.525000 183.206000 183.100000 183.263000 183.701000 184.566000 185.205000 186.299000 188.206000 189.542000 190.716000 192.326000 193.907000 195.042000 196.110000 197.232000 197.760000 198.265000 199.024000 199.691000 200.504000 201.135000 201.829000 202.507000 203.019000 203.563000 204.197000 205.179000 206.557000 208.015000 210.377000 213.363000 212.153000 206.657000 203.041000 199.961000 198.703000 197.386000 196.638000 196.008000 196.351000 196.831000 197.379000 197.961000 198.732000 199.549000 199.513000 199.416000 199.797000 200.673000 201.305000
186.005000 186.216000 186.437000 186.610000 186.601000 186.417000 184.933000 183.688000 183.641000 183.549000 183.160000 182.798000 183.040000 183.675000 184.516000 185.161000 185.907000 187.732000 189.107000 190.108000 191.740000 193.207000 194.621000 195.787000 196.744000 197.602000 198.393000 198.998000 199.591000 200.322000 201.117000 201.678000 202.166000 202.836000 203.450000 203.908000 204.493000 205.301000 206.299000 207.616000 209.418000 211.050000 210.805000 209.599000 205.082000 199.823000 198.062000 196.710000 196.481000 196.633000 197.003000 197.353000 197.257000 197.501000 198.292000 199.049000 199.688000 200.540000 201.478000 201.368000 201.030000
186.050000 186.232000 186.442000 186.557000 186.254000 185.751000 185.002000 183.581000 182.473000 182.872000 182.913000 182.647000 183.364000 183.971000 184.988000 186.320000 187.327000 188.516000 189.822000 191.132000 192.441000 193.912000 195.196000 196.432000 197.484000 198.251000 198.923000 199.655000 200.374000 200.923000 201.505000 202.155000 202.749000 203.165000 203.687000 204.287000 204.815000 205.464000 206.297000 207.482000 208.785000 209.247000 208.991000 208.555000 205.022000 202.677000 202.415000 199.519000 196.382000 196.016000 196.729000 197.237000 197.667000 198.272000 198.792000 199.129000 199.501000 200.197000 200.969000 201.674000 202.747000
185.956000 186.258000 186.458000 186.335000 185.797000 185.379000 185.266000 183.598000 181.973000 181.992000 181.985000 182.572000 183.464000 184.603000 186.141000 187.457000 188.487000 189.398000 190.438000 191.822000 193.359000 194.614000 195.769000 197.030000 198.159000 198.889000 199.545000 200.332000 200.819000 201.505000 202.061000 202.504000 203.114000 203.592000 203.905000 204.336000 204.972000 205.711000 206.178000 206.802000 207.591000 208.046000 208.243000 207.657000 206.442000 204.999000 202.568000 199.492000 197.853000 198.463000 198.622000 198.048000 197.684000 198.016000 198.753000 199.339000 199.921000 200.605000 201.129000 201.646000 202.471000
185.895000 186.201000 186.450000 186.442000 185.958000 185.061000 183.724000 182.413000 181.703000 181.668000 182.144000 182.993000 184.241000 185.619000 186.954000 187.990000 189.149000 190.392000 191.227000 192.290000 193.940000 195.263000 196.276000 197.472000 198.624000 199.693000 200.359000 200.684000 201.236000 201.867000 202.356000 202.869000 203.360000 203.809000 204.180000 204.334000 204.631000 205.125000 205.796000 206.846000 207.074000 206.753000 206.700000 206.149000 206.110000 205.208000 203.373000 202.320000 200.772000 198.688000 198.685000 198.818000 198.991000 199.495000 199.695000 199.373000 199.617000 200.368000 201.091000 202.050000 202.894000
185.676000 185.914000 186.099000 185.788000 185.015000 184.026000 182.874000 182.017000 181.422000 180.875000 181.654000 183.520000 185.011000 186.684000 188.048000 188.975000 190.142000 191.025000 191.607000 192.350000 193.786000 195.330000 196.911000 198.362000 199.218000 199.974000 200.645000 201.175000 201.754000 202.055000 202.295000 202.951000 203.629000 204.170000 204.332000 204.390000 204.426000 204.199000 204.470000 205.350000 206.246000 207.055000 206.337000 204.927000 204.748000 204.419000 203.953000 203.923000 202.127000 200.986000 200.574000 199.454000 199.233000 199.499000 199.923000 200.400000 200.878000 201.004000 200.914000 201.295000 202.390000
184.124000 185.007000 184.383000 184.753000 185.156000 184.165000 183.152000 182.910000 182.449000 181.149000 182.003000 183.948000 185.955000 188.466000 189.121000 189.138000 189.629000 190.388000 191.310000 192.451000 194.033000 195.837000 197.351000 198.404000 199.333000 200.325000 201.286000 201.402000 201.168000 201.491000 202.433000 203.380000 203.427000 203.456000 204.069000 204.792000 204.659000 204.159000 203.767000 203.539000 203.316000 204.657000 205.759000 205.513000 205.049000 203.648000 203.270000 204.164000 203.962000 202.487000 200.851000 200.321000 200.251000 200.525000 200.494000 200.497000 200.619000 200.944000 201.419000 202.042000 202.462000
182.030000 182.362000 182.682000 182.950000 183.074000 183.140000 183.216000 183.263000 183.305000 183.249000 183.381000 183.744000 184.779000 186.168000 187.974000 189.798000 191.035000 192.074000 193.150000 194.123000 194.535000 195.521000 197.107000 198.725000 199.985000 200.433000 200.419000 200.409000 201.433000 202.513000 202.291000 202.353000 203.065000 203.618000 203.752000 203.229000 203.601000 204.408000 204.381000 203.044000 201.366000 202.194000 202.504000 202.837000 204.245000 204.378000 204.062000 203.563000 203.126000 203.143000 203.726000 203.471000 201.429000 200.072000 200.519000 200.990000 201.177000 201.216000 201.333000 201.575000 202.196000
181.926000 182.431000 182.950000 183.355000 183.561000 183.616000 183.615000 183.469000 183.139000 182.260000 181.757000 181.779000 180.515000 181.233000 183.876000 186.711000 189.882000 194.266000 197.554000 196.699000 196.669000 197.624000 198.254000 199.125000 199.481000 200.031000 200.567000 200.963000 201.930000 202.406000 202.316000 202.772000 203.162000 202.953000 202.717000 202.736000 202.942000 202.726000 202.342000 202.193000 202.405000 202.164000 201.170000 201.284000 202.163000 202.932000 203.600000 203.884000 203.857000 203.932000 204.028000 203.486000 203.489000 203.610000 202.712000 201.522000 200.749000 201.442000 201.829000 201.775000 202.249000
181.870000 182.240000 182.721000 183.064000 183.289000 183.417000 183.465000 183.340000 182.926000 182.315000 181.779000 180.717000 180.249000 180.933000 181.296000 183.147000 186.459000 190.188000 196.359000 202.811000 203.032000 200.303000 199.585000 199.288000 199.791000 200.522000 201.389000 201.914000 202.254000 202.694000 202.943000 203.010000 203.022000 202.737000 202.459000 202.247000 201.974000 201.731000 201.596000 201.392000 201.209000 201.074000 201.344000 201.796000 202.148000 202.481000 202.836000 203.564000 204.191000 204.492000 204.516000 204.781000 204.999000 204.188000 203.905000 203.358000 203.158000 203.109000 201.892000 202.047000 203.206000
182.048000 182.335000 182.823000 183.106000 183.209000 183.354000 183.363000 183.216000 182.954000 182.637000 182.238000 181.940000 181.902000 182.337000 183.631000 185.065000 187.958000 191.710000 196.468000 199.740000 200.253000 201.604000 201.637000 200.932000 199.942000 199.432000 201.022000 202.886000 203.742000 204.054000 203.867000 203.427000 203.094000 202.641000 202.152000 201.726000 201.493000 201.267000 200.963000 200.839000 200.818000 200.719000 200.895000 201.323000 201.847000 202.566000 203.438000 204.176000 204.668000 204.924000 205.373000 205.604000 205.451000 205.557000 205.480000 204.692000 203.911000 203.363000 203.844000 204.910000 204.075000
182.352000 182.775000 183.139000 183.415000 183.588000 183.700000 183.701000 183.554000 183.181000 182.852000 182.583000 182.647000 182.788000 183.063000 184.580000 186.223000 188.569000 191.833000 195.586000 198.655000 200.603000 201.522000 201.193000 200.558000 200.240000 200.746000 201.382000 202.188000 203.236000 204.480000 205.053000 204.308000 203.339000 202.730000 201.993000 201.336000 200.889000 200.614000 200.597000 200.482000 200.331000 200.352000 200.680000 201.229000 201.843000 202.623000 203.658000 204.798000 205.533000 206.105000 206.348000 206.173000 206.357000 206.556000 206.256000 205.716000 205.526000 205.436000 204.586000 204.179000 204.575000
182.486000 182.886000 183.276000 183.534000 183.798000 183.954000 183.894000 183.863000 183.505000 183.259000 183.253000 183.199000 183.618000 184.143000 185.183000 186.940000 189.007000 192.015000 195.271000 197.693000 199.791000 201.033000 201.128000 200.827000 200.567000 200.629000 201.107000 202.188000 203.584000 204.329000 204.316000 204.094000 203.490000 202.669000 201.788000 200.911000 200.379000 200.122000 199.993000 199.909000 199.912000 200.078000 200.418000 200.970000 201.871000 202.957000 204.064000 205.272000 206.380000 206.998000 207.181000 207.308000 207.503000 207.345000 207.457000 207.445000 206.681000 206.548000 205.848000 204.979000 204.954000
182.340000 182.665000 183.203000 183.290000 183.572000 183.961000 183.889000 183.986000 184.071000 183.911000 183.828000 184.021000 184.603000 185.248000 186.199000 187.797000 189.673000 192.007000 194.096000 196.175000 198.864000 200.642000 200.933000 200.881000 200.800000 200.854000 201.283000 202.149000 202.803000 203.173000 203.633000 203.675000 202.957000 202.305000 201.473000 200.402000 199.801000 199.512000 199.550000 199.553000 199.636000 199.832000 200.063000 200.556000 201.553000 202.924000 204.636000 206.235000 207.109000 207.779000 208.467000 208.580000 208.399000 208.381000 208.644000 208.148000 207.856000 208.098000 207.407000 206.417000 206.012000
182.103000 182.271000 182.435000 182.418000 182.893000 183.155000 183.100000 183.582000 183.770000 184.008000 184.621000 184.984000 185.870000 186.509000 187.606000 189.253000 190.642000 192.116000 193.308000 194.915000 197.286000 199.357000 200.529000 201.044000 201.010000 201.032000 201.292000 201.786000 202.359000 202.984000 203.165000 202.435000 201.612000 201.255000 200.734000 200.489000 200.011000 199.420000 199.263000 199.317000 199.533000 199.686000 199.663000 200.286000 201.576000 203.024000 205.018000 206.978000 208.149000 209.401000 209.730000 209.463000 209.458000 209.324000 209.285000 209.386000 209.639000 209.136000 208.241000 208.144000 207.611000
182.503000 182.927000 183.334000 183.171000 183.824000 183.642000 183.569000 184.205000 183.775000 184.342000 184.862000 185.212000 186.155000 186.949000 188.355000 189.680000 190.605000 191.543000 192.573000 194.156000 197.184000 199.867000 200.548000 200.763000 201.142000 201.462000 201.554000 201.775000 202.106000 202.406000 202.422000 201.995000 201.275000 200.296000 199.681000 199.450000 199.333000 199.238000 199.115000 199.584000 200.130000 200.516000 200.476000 200.606000 201.176000 201.740000 204.950000 208.501000 210.278000 211.224000 210.978000 211.035000 210.594000 210.410000 210.214000 210.063000 210.368000 210.329000 210.172000 209.552000 208.168000
182.683000 183.264000 183.825000 184.295000 184.699000 184.938000 185.113000 185.155000 185.027000 185.328000 185.601000 186.206000 187.121000 187.956000 188.705000 189.133000 189.740000 190.302000 191.010000 191.343000 196.006000 201.128000 201.695000 201.682000 202.020000 201.738000 201.419000 201.650000 201.783000 201.794000 201.734000 201.232000 200.447000 199.766000 199.282000 199.187000 199.218000 198.820000 198.612000 198.739000 199.661000 200.967000 201.790000 202.764000 202.815000 202.321000 204.328000 206.831000 209.803000 212.232000 213.243000 212.347000 211.732000 211.072000 210.872000 211.208000 211.112000 210.920000 210.965000 210.749000 209.956000
182.529000 183.282000 183.972000 184.419000 184.754000 184.931000 185.086000 185.218000 185.340000 185.546000 185.802000 186.775000 188.147000 189.074000 189.926000 190.552000 190.008000 189.871000 190.949000 192.461000 195.966000 198.810000 199.303000 200.141000 201.605000 202.396000 202.781000 202.801000 201.901000 200.874000 200.768000 200.263000 199.685000 199.620000 199.443000 199.536000 199.281000 198.721000 199.119000 199.610000 199.309000 199.100000 200.293000 202.069000 202.971000 203.903000 203.698000 204.372000 208.753000 214.052000 214.142000 212.970000 213.163000 212.329000 211.884000 211.596000 211.805000 211.871000 211.790000 211.466000 210.104000
181.813000 182.397000 183.400000 184.147000 184.330000 184.737000 185.037000 185.172000 185.207000 185.243000 185.396000 185.837000 186.588000 187.593000 188.834000 189.806000 191.131000 192.752000 194.065000 195.655000 197.186000 198.353000 199.622000 200.425000 200.179000 200.118000 201.439000 203.138000 202.512000 201.462000 201.185000 200.402000 199.802000 199.657000 199.681000 199.890000 199.927000 199.772000 199.439000 198.496000 197.600000 197.604000 200.010000 202.241000 202.483000 203.233000 205.147000 205.677000 206.891000 211.720000 217.763000 219.303000 215.783000 213.217000 212.534000 212.484000 212.366000 212.185000 212.132000 211.691000 210.276000
181.248000 181.972000 182.648000 183.410000 184.071000 184.556000 184.883000 185.070000 185.064000 184.984000 184.980000 185.304000 185.591000 186.498000 188.159000 189.862000 191.873000 194.265000 196.364000 197.500000 198.638000 199.881000 200.937000 201.739000 201.217000 200.541000 201.109000 200.655000 200.325000 201.776000 202.171000 201.021000 199.735000 199.008000 199.623000 200.319000 200.340000 200.163000 199.439000 198.063000 197.117000 196.298000 197.961000 201.229000 203.804000 206.119000 207.514000 209.175000 211.897000 214.844000 217.408000 219.377000 219.550000 216.218000 213.751000 212.936000 212.773000 212.665000 212.272000 211.152000 209.946000
180.560000 181.329000 182.219000 183.140000 183.943000 184.523000 184.863000 185.066000 185.054000 184.816000 184.670000 184.532000 184.752000 185.466000 187.273000 190.300000 192.734000 195.292000 198.696000 199.809000 199.948000 201.059000 201.563000 201.646000 201.643000 201.250000 200.422000 199.464000 199.446000 200.629000 200.659000 200.203000 199.446000 198.399000 199.249000 199.743000 200.155000 200.513000 198.998000 197.337000 195.710000 194.558000 196.388000 201.367000 206.285000 209.783000 211.775000 212.941000 214.333000 216.088000 218.364000 219.930000 218.817000 217.571000 215.664000 213.600000 212.846000 212.784000 212.140000 210.934000 209.388000
180.105000 181.034000 182.122000 183.136000 183.921000 184.557000 184.974000 185.156000 185.083000 184.790000 184.338000 183.924000 183.820000 184.508000 186.250000 189.314000 193.555000 197.921000 201.108000 202.189000 201.326000 201.311000 201.878000 202.310000 202.396000 201.121000 199.746000 198.490000 197.565000 197.794000 198.389000 199.172000 199.557000 199.497000 199.555000 199.047000 199.404000 199.681000 199.136000 198.620000 195.992000 193.420000 198.436000 204.885000 209.401000 213.409000 214.742000 215.288000 215.797000 216.238000 217.476000 218.653000 218.913000 217.710000 216.043000 214.554000 213.676000 212.673000 211.730000 210.575000 209.003000
179.793000 180.980000 182.138000 183.114000 183.942000 184.646000 185.192000 185.440000 185.436000 185.310000 185.185000 184.999000 185.182000 185.623000 187.325000 189.843000 193.071000 197.009000 201.165000 203.258000 203.765000 203.407000 202.023000 202.290000 202.288000 201.359000 199.667000 198.317000 196.544000 196.011000 196.882000 197.971000 199.330000 200.444000 201.178000 201.796000 201.535000 198.609000 196.666000 198.671000 198.685000 199.707000 202.877000 206.631000 212.595000 215.669000 216.562000 216.351000 215.871000 216.058000 216.874000 217.753000 217.913000 217.777000 216.775000 215.301000 213.982000 212.639000 211.116000 210.168000 209.158000
179.876000 180.974000 182.118000 183.230000 184.261000 185.024000 185.491000 185.837000 186.432000 186.421000 185.829000 185.954000 186.660000 187.992000 189.058000 190.805000 194.894000 198.756000 201.979000 203.545000 203.890000 203.906000 204.254000 203.054000 200.453000 198.463000 197.719000 197.133000 196.049000 196.175000 196.854000 198.635000 200.144000 201.087000 202.438000 203.568000 203.672000 201.561000 200.500000 200.146000 199.647000 202.021000 205.566000 210.609000 212.845000 214.626000 216.004000 216.337000 215.870000 215.712000 216.001000 216.699000 217.217000 217.218000 216.540000 215.876000 215.112000 213.294000 211.652000 210.017000 208.478000
179.769000 181.139000 182.524000 183.617000 184.666000 185.635000 186.106000 186.567000 187.093000 187.547000 188.071000 188.590000 189.211000 190.975000 192.119000 193.222000 195.764000 197.874000 200.438000 203.677000 205.224000 204.287000 203.605000 200.744000 197.817000 197.622000 196.456000 195.362000 195.054000 195.077000 196.281000 198.727000 201.016000 202.831000 204.486000 204.570000 204.416000 205.212000 203.873000 201.294000 201.408000 203.403000 208.745000 210.337000 211.062000 213.932000 215.231000 215.894000 214.881000 214.850000 215.281000 215.970000 216.261000 216.545000 216.659000 216.463000 215.472000 214.172000 212.537000 210.551000 208.993000
179.651000 180.871000 182.030000 183.254000 184.754000 186.415000 187.310000 187.582000 187.973000 188.488000 189.379000 190.442000 191.712000 193.497000 195.154000 196.204000 196.944000 198.214000 200.402000 202.814000 202.990000 202.055000 200.884000 198.622000 197.305000 195.990000 194.786000 194.263000 194.278000 194.982000 196.164000 198.690000 201.226000 203.201000 204.902000 205.876000 207.647000 207.715000 204.727000 203.683000 202.924000 206.160000 210.611000 211.173000 210.818000 209.420000 212.914000 215.480000 215.085000 214.049000 213.832000 214.933000 215.311000 215.972000 216.283000 216.178000 216.166000 215.351000 213.312000 211.655000 208.444000
179.013000 179.950000 180.957000 182.561000 184.136000 185.313000 186.140000 186.735000 187.529000 188.330000 188.887000 190.013000 192.933000 195.869000 196.969000 197.679000 198.733000 199.999000 201.025000 201.221000 201.023000 200.148000 198.362000 196.546000 195.056000 194.678000 195.003000 194.593000 194.257000 194.262000 194.596000 197.766000 201.172000 202.882000 204.663000 206.148000 206.387000 206.953000 208.910000 207.406000 203.813000 204.880000 209.448000 212.226000 209.129000 208.794000 209.823000 210.421000 213.037000 214.233000 214.085000 213.481000 214.293000 215.309000 215.652000 215.401000 215.056000 215.051000 215.303000 212.578000 207.760000
