oms3_prj_geotop/oms3.prj.geotop/data/Sarno_sim_8_Gv1/input_maps/dem.asc
ncols         152
nrows         371
xllcorner     2486737.750000
yllcorner     4520235.500000
cellsize      5.000000
NODATA_value  -9999.0
[rows 81 to 107 of 371, columns 61 to 121 of 152]
712.032000 712.310000 712.603000 712.914000 713.235000 713.560000 713.869000 714.166000 714.422000 714.641000 714.847000 715.032000 715.200000 715.355000 715.513000 715.884000 716.140000 716.402000 716.762000 717.203000 717.687000 718.234000 718.870000 719.560000 720.301000 721.089000 721.927000 722.764000 723.639000 724.536000 725.467000 726.432000 727.415000 728.438000 729.482000 730.545000 731.634000 732.754000 733.925000 735.171000 736.491000 738.030000 739.724000 741.026000 742.064000 742.879000 743.614000 744.261000 744.885000 745.454000 746.032000 746.624000 747.229000 747.857000 748.509000 749.189000 749.891000 750.551000 751.216000 751.876000 752.567000
708.655000 708.941000 709.242000 709.548000 709.872000 710.195000 710.518000 710.824000 711.001000 711.187000 711.362000 711.542000 711.679000 711.823000 711.985000 712.437000 712.705000 713.020000 713.460000 713.903000 714.437000 715.031000 715.700000 716.425000 717.201000 718.009000 718.861000 719.741000 720.640000 721.567000 722.526000 723.521000 724.526000 725.557000 726.622000 727.709000 728.811000 729.947000 731.124000 732.361000 733.688000 735.125000 736.698000 738.211000 739.590000 740.479000 741.282000 741.937000 742.562000 743.184000 743.808000 744.447000 745.085000 745.706000 746.352000 747.025000 747.724000 748.448000 749.196000 749.968000 750.671000
705.287000 705.581000 705.879000 706.191000 706.509000 706.833000 707.122000 707.399000 707.617000 707.750000 707.861000 708.036000 708.153000 708.303000 708.492000 708.990000 709.327000 709.708000 710.153000 710.658000 711.224000 711.849000 712.549000 713.295000 714.109000 714.949000 715.825000 716.725000 717.662000 718.622000 719.602000 720.607000 721.646000 722.699000 723.768000 724.868000 725.995000 727.142000 728.326000 729.550000 730.867000 732.256000 733.674000 735.110000 736.524000 737.565000 738.617000 739.547000 740.239000 740.864000 741.496000 742.147000 742.798000 743.470000 744.155000 744.856000 745.557000 746.280000 747.029000 747.805000 748.607000
701.928000 702.211000 702.511000 702.823000 703.143000 703.443000 703.711000 703.971000 704.231000 704.327000 704.427000 704.526000 704.626000 704.785000 704.974000 705.582000 705.977000 706.412000 706.888000 707.417000 708.023000 708.697000 709.414000 710.195000 711.027000 711.915000 712.806000 713.743000 714.700000 715.678000 716.694000 717.717000 718.767000 719.845000 720.934000 722.034000 723.164000 724.334000 725.542000 726.762000 728.029000 729.333000 730.688000 732.063000 733.409000 734.693000 735.800000 736.790000 737.553000 738.314000 739.087000 739.825000 740.518000 741.196000 741.893000 742.605000 743.334000 744.083000 744.858000 745.642000 746.451000
698.568000 698.845000 699.144000 699.452000 699.775000 700.083000 700.360000 700.580000 700.728000 700.822000 700.899000 700.990000 701.116000 701.292000 701.542000 702.229000 702.636000 703.121000 703.643000 704.201000 704.822000 705.542000 706.289000 707.100000 707.953000 708.865000 709.818000 710.777000 711.751000 712.754000 713.778000 714.827000 715.895000 716.984000 718.089000 719.202000 720.317000 721.461000 722.647000 723.895000 725.216000 726.496000 727.772000 729.035000 730.292000 731.592000 732.773000 733.848000 734.871000 735.692000 736.478000 737.259000 738.035000 738.804000 739.595000 740.354000 741.090000 741.844000 742.618000 743.421000 744.269000
695.205000 695.485000 695.781000 696.088000 696.406000 696.686000 696.924000 697.102000 697.221000 697.311000 697.367000 697.400000 697.538000 697.762000 698.051000 698.851000 699.323000 699.846000 700.402000 700.979000 701.605000 702.322000 703.102000 703.965000 704.880000 705.813000 706.793000 707.780000 708.791000 709.826000 710.859000 711.916000 713.002000 714.113000 715.251000 716.374000 717.504000 718.609000 719.713000 720.870000 722.117000 723.451000 724.840000 726.081000 727.293000 728.494000 729.680000 730.843000 731.991000 732.913000 733.858000 734.690000 735.492000 736.287000 737.090000 737.908000 738.732000 739.565000 740.376000 741.180000 742.003000
691.574000 691.728000 692.000000 692.253000 692.466000 692.766000 693.028000 693.222000 693.373000 693.539000 693.638000 693.663000 693.851000 694.081000 694.484000 695.459000 695.951000 696.467000 697.026000 697.624000 698.283000 699.026000 699.866000 700.758000 701.699000 702.673000 703.696000 704.759000 705.783000 706.815000 707.850000 708.960000 710.089000 711.193000 712.315000 713.477000 714.665000 715.818000 716.921000 718.005000 719.074000 720.193000 721.501000 722.824000 724.146000 725.410000 726.544000 727.744000 728.957000 730.122000 731.105000 732.041000 732.886000 733.746000 734.592000 735.433000 736.266000 737.107000 737.958000 738.826000 739.713000
688.092000 688.185000 688.294000 688.423000 688.567000 688.725000 688.886000 689.053000 689.223000 689.394000 689.568000 689.733000 689.919000 690.125000 690.426000 691.326000 691.929000 692.599000 693.314000 694.061000 694.830000 695.594000 696.440000 697.362000 698.367000 699.414000 700.455000 701.489000 702.524000 703.657000 704.780000 705.863000 706.986000 708.137000 709.303000 710.464000 711.577000 712.789000 713.989000 715.186000 716.223000 717.221000 718.339000 719.422000 720.648000 721.950000 723.219000 724.463000 725.660000 726.842000 728.023000 729.204000 730.280000 731.166000 732.031000 732.900000 733.767000 734.640000 735.499000 736.370000 737.247000
684.748000 684.829000 684.933000 685.062000 685.216000 685.386000 685.560000 685.734000 685.908000 686.069000 686.211000 686.288000 686.383000 686.464000 686.435000 686.847000 687.333000 687.974000 689.008000 690.070000 690.948000 691.916000 692.848000 693.850000 694.865000 695.905000 696.982000 698.067000 699.161000 700.327000 701.465000 702.605000 703.773000 704.942000 706.083000 707.230000 708.379000 709.544000 710.692000 711.832000 712.983000 714.130000 715.227000 716.267000 717.364000 718.520000 719.736000 720.992000 722.250000 723.487000 724.731000 725.954000 727.116000 728.286000 729.364000 730.360000 731.242000 732.121000 733.016000 733.900000 734.783000
681.523000 681.609000 681.701000 681.822000 681.961000 682.114000 682.275000 682.441000 682.607000 682.762000 682.888000 682.984000 683.059000 683.053000 683.083000 683.205000 683.441000 683.839000 684.466000 685.586000 687.004000 688.132000 689.201000 690.207000 691.229000 692.285000 693.405000 694.575000 695.740000 696.916000 698.108000 699.281000 700.462000 701.630000 702.779000 703.916000 705.049000 706.165000 707.285000 708.399000 709.510000 710.617000 711.725000 712.865000 714.009000 715.179000 716.357000 717.566000 718.826000 720.100000 721.378000 722.640000 723.922000 725.169000 726.326000 727.484000 728.517000 729.576000 730.543000 731.438000 732.362000
678.236000 678.332000 678.433000 678.556000 678.704000 678.853000 679.010000 679.172000 679.330000 679.478000 679.611000 679.728000 679.822000 679.911000 679.998000 680.327000 680.574000 681.029000 681.606000 682.506000 683.469000 684.531000 685.667000 686.739000 687.793000 688.763000 689.773000 690.938000 692.186000 693.455000 694.730000 695.946000 697.139000 698.307000 699.447000 700.561000 701.664000 702.764000 703.855000 704.933000 706.021000 707.108000 708.194000 709.308000 710.452000 711.628000 712.856000 714.124000 715.419000 716.722000 718.026000 719.353000 720.658000 721.950000 723.240000 724.472000 725.635000 726.728000 727.785000 728.871000 729.979000
674.898000 674.999000 675.124000 675.266000 675.425000 675.593000 675.767000 675.944000 676.118000 676.281000 676.418000 676.549000 676.660000 676.795000 676.917000 677.333000 677.636000 678.098000 678.700000 679.508000 680.437000 681.462000 682.503000 683.519000 684.506000 685.503000 686.541000 687.609000 688.765000 689.982000 691.296000 692.593000 693.811000 694.986000 696.130000 697.222000 698.300000 699.353000 700.416000 701.480000 702.540000 703.598000 704.670000 705.771000 706.913000 708.089000 709.318000 710.610000 711.964000 713.323000 714.713000 716.066000 717.409000 718.756000 720.089000 721.382000 722.607000 723.835000 724.999000 726.078000 727.185000
671.614000 671.723000 671.850000 671.997000 672.162000 672.333000 672.524000 672.710000 672.894000 673.076000 673.225000 673.383000 673.529000 673.679000 673.862000 674.328000 674.676000 675.129000 675.749000 676.507000 677.387000 678.383000 679.406000 680.419000 681.411000 682.394000 683.393000 684.435000 685.556000 686.766000 687.996000 689.243000 690.474000 691.657000 692.799000 693.881000 694.929000 695.962000 696.992000 698.022000 699.054000 700.093000 701.151000 702.236000 703.366000 704.562000 705.820000 707.136000 708.517000 709.944000 711.373000 712.793000 714.194000 715.599000 716.953000 718.339000 719.646000 720.907000 722.161000 723.298000 724.411000
668.418000 668.526000 668.637000 668.775000 668.937000 669.086000 669.277000 669.464000 669.650000 669.847000 670.041000 670.222000 670.406000 670.601000 670.836000 671.401000 671.786000 672.262000 672.850000 673.524000 674.328000 675.294000 676.303000 677.314000 678.316000 679.312000 680.314000 681.353000 682.449000 683.573000 684.738000 685.935000 687.134000 688.285000 689.434000 690.505000 691.539000 692.539000 693.545000 694.555000 695.568000 696.592000 697.631000 698.690000 699.801000 700.983000 702.265000 703.648000 705.095000 706.553000 708.046000 709.543000 711.010000 712.450000 713.882000 715.315000 716.663000 718.011000 719.323000 720.562000 721.717000
665.308000 665.408000 665.508000 665.624000 665.740000 665.854000 666.015000 666.154000 666.311000 666.495000 666.671000 666.879000 667.111000 667.353000 667.665000 668.374000 668.821000 669.352000 669.935000 670.583000 671.332000 672.227000 673.190000 674.207000 675.224000 676.234000 677.244000 678.273000 679.336000 680.438000 681.581000 682.719000 683.808000 684.885000 685.962000 687.016000 688.083000 689.094000 690.094000 691.093000 692.102000 693.118000 694.136000 695.141000 696.232000 697.396000 698.680000 700.123000 701.627000 703.179000 704.762000 706.308000 707.819000 709.324000 710.791000 712.255000 713.717000 715.159000 716.510000 717.798000 719.071000
661.873000 662.004000 662.119000 662.289000 662.442000 662.595000 662.807000 662.939000 663.140000 663.329000 663.487000 663.726000 663.930000 664.199000 664.484000 665.231000 665.695000 666.190000 666.754000 667.364000 668.103000 669.063000 670.072000 671.083000 672.106000 673.140000 674.174000 675.208000 676.261000 677.334000 678.434000 679.531000 680.604000 681.637000 682.622000 683.612000 684.594000 685.590000 686.573000 687.569000 688.614000 689.683000 690.763000 691.804000 692.862000 693.938000 695.061000 696.547000 698.139000 699.858000 701.496000 703.109000 704.695000 706.214000 707.751000 709.234000 710.727000 712.222000 713.684000 715.108000 716.422000
658.508000 658.626000 658.767000 658.941000 659.136000 659.353000 659.584000 659.823000 660.065000 660.306000 660.532000 660.795000 661.045000 661.359000 661.685000 662.445000 662.851000 663.282000 663.745000 664.252000 664.758000 665.729000 666.790000 667.852000 668.944000 670.049000 671.099000 672.145000 673.192000 674.234000 675.294000 676.351000 677.377000 678.373000 679.340000 680.288000 681.252000 682.206000 683.142000 684.088000 685.043000 686.106000 687.233000 688.412000 689.632000 690.784000 691.906000 693.243000 694.740000 696.526000 698.321000 700.033000 701.648000 703.223000 704.725000 706.262000 707.790000 709.302000 710.790000 712.282000 713.709000
655.253000 655.360000 655.491000 655.671000 655.869000 656.092000 656.323000 656.564000 656.810000 657.063000 657.320000 657.591000 657.874000 658.238000 658.654000 659.602000 660.105000 660.537000 661.007000 661.516000 662.098000 662.880000 663.760000 664.639000 665.638000 666.715000 667.852000 669.002000 670.131000 671.155000 672.166000 673.182000 674.147000 675.115000 676.081000 677.033000 678.005000 678.928000 679.837000 680.801000 681.767000 682.719000 683.704000 684.837000 686.031000 687.284000 688.581000 689.781000 691.144000 692.958000 695.164000 696.937000 698.672000 700.274000 701.849000 703.368000 704.896000 706.435000 707.961000 709.477000 710.952000
652.153000 652.222000 652.322000 652.446000 652.643000 652.840000 653.056000 653.294000 653.539000 653.790000 654.039000 654.294000 654.560000 654.860000 655.206000 656.095000 656.609000 657.220000 657.875000 658.576000 659.337000 660.137000 660.981000 661.893000 662.788000 663.679000 664.609000 665.691000 666.849000 667.922000 668.971000 669.995000 670.953000 671.911000 672.868000 673.837000 674.810000 675.779000 676.721000 677.644000 678.501000 679.359000 680.242000 681.401000 682.562000 683.752000 684.990000 686.381000 687.638000 689.126000 691.075000 693.604000 695.709000 697.419000 698.991000 700.558000 702.101000 703.638000 705.157000 706.680000 708.160000
649.026000 649.063000 649.143000 649.249000 649.394000 649.575000 649.784000 650.012000 650.253000 650.500000 650.740000 650.979000 651.221000 651.494000 651.769000 652.589000 653.135000 653.784000 654.568000 655.406000 656.249000 657.172000 658.102000 659.091000 660.077000 660.985000 661.883000 662.843000 663.745000 664.745000 665.835000 666.883000 667.865000 668.767000 669.688000 670.669000 671.663000 672.652000 673.612000 674.514000 675.342000 676.156000 676.929000 677.947000 679.131000 680.428000 681.819000 683.180000 684.708000 686.268000 688.079000 690.071000 692.433000 694.480000 696.197000 697.771000 699.336000 700.880000 702.424000 703.909000 705.338000
645.853000 645.862000 645.906000 645.988000 646.118000 646.289000 646.497000 646.724000 646.964000 647.211000 647.450000 647.673000 647.899000 648.111000 648.363000 649.091000 649.697000 650.392000 651.250000 652.273000 653.188000 654.170000 655.184000 656.191000 657.199000 658.181000 659.116000 660.009000 660.868000 661.782000 662.806000 663.776000 664.784000 665.674000 666.561000 667.532000 668.479000 669.516000 670.510000 671.387000 672.198000 672.893000 673.615000 674.520000 675.760000 677.198000 678.768000 680.335000 681.924000 683.591000 685.343000 687.346000 689.394000 691.428000 693.333000 695.019000 696.587000 698.142000 699.690000 701.177000 702.586000
642.618000 642.602000 642.628000 642.701000 642.832000 643.002000 643.208000 643.440000 643.686000 643.934000 644.172000 644.392000 644.585000 644.765000 644.948000 645.545000 646.091000 646.883000 647.886000 649.022000 650.117000 651.111000 652.152000 653.197000 654.277000 655.319000 656.248000 657.137000 657.940000 658.740000 659.604000 660.509000 661.486000 662.449000 663.406000 664.344000 665.239000 666.190000 667.138000 668.085000 669.001000 669.648000 670.287000 671.388000 672.677000 674.250000 675.947000 677.603000 679.285000 680.956000 682.690000 684.541000 686.545000 688.519000 690.417000 692.154000 693.810000 695.382000 696.905000 698.390000 699.806000
639.359000 639.322000 639.339000 639.416000 639.544000 639.715000 639.922000 640.159000 640.418000 640.678000 640.934000 641.177000 641.418000 641.641000 641.893000 642.545000 643.026000 643.723000 644.593000 645.738000 646.853000 648.054000 649.105000 650.136000 651.194000 652.250000 653.241000 654.143000 654.996000 655.718000 656.521000 657.340000 658.264000 659.221000 660.254000 661.265000 662.324000 663.251000 663.988000 664.751000 665.697000 666.490000 667.491000 668.509000 669.864000 671.491000 673.246000 674.987000 676.672000 678.343000 680.053000 681.845000 683.731000 685.643000 687.566000 689.358000 691.050000 692.631000 694.122000 695.542000 696.945000
636.073000 636.042000 636.061000 636.136000 636.265000 636.446000 636.674000 636.926000 637.195000 637.478000 637.800000 638.076000 638.335000 638.614000 638.924000 639.683000 640.205000 640.919000 641.792000 642.840000 643.934000 645.023000 646.147000 647.272000 648.256000 649.177000 650.008000 650.884000 651.685000 652.467000 653.280000 654.139000 655.133000 656.132000 657.194000 658.296000 659.418000 660.503000 661.346000 662.226000 663.004000 663.860000 664.840000 666.016000 667.405000 668.909000 670.603000 672.343000 674.045000 675.713000 677.411000 679.144000 680.959000 682.824000 684.690000 686.504000 688.255000 689.916000 691.399000 692.834000 694.141000
632.746000 632.704000 632.724000 632.812000 632.965000 633.158000 633.412000 633.698000 633.993000 634.319000 634.659000 635.024000 635.404000 635.799000 636.214000 637.215000 637.780000 638.439000 639.182000 640.093000 641.190000 642.292000 643.343000 644.430000 645.254000 646.088000 646.919000 647.657000 648.408000 649.135000 649.900000 650.763000 651.793000 652.896000 654.101000 655.340000 656.498000 657.658000 658.795000 659.687000 660.549000 661.396000 662.440000 663.698000 664.852000 666.265000 667.885000 669.692000 671.404000 673.043000 674.695000 676.432000 678.192000 680.005000 681.846000 683.691000 685.500000 687.178000 688.748000 690.152000 691.486000
629.579000 629.535000 629.549000 629.609000 629.723000 629.892000 630.139000 630.459000 630.791000 631.138000 631.508000 631.904000 632.356000 632.850000 633.412000 634.720000 635.393000 636.092000 636.837000 637.690000 638.655000 639.592000 640.537000 641.426000 642.234000 643.022000 643.738000 644.433000 645.105000 645.815000 646.568000 647.412000 648.457000 649.575000 650.835000 652.137000 653.479000 654.914000 656.189000 657.187000 658.158000 659.001000 660.217000 661.494000 662.693000 663.859000 665.054000 666.777000 668.563000 670.350000 671.955000 673.645000 675.382000 677.158000 678.989000 680.815000 682.644000 684.469000 686.129000 687.595000 688.905000
627.239000 627.182000 627.165000 627.178000 627.239000 627.377000 627.564000 627.801000 628.063000 628.355000 628.685000 629.045000 629.422000 629.877000 630.505000 631.952000 632.737000 633.555000 634.424000 635.300000 636.174000 637.046000 637.861000 638.603000 639.289000 639.919000 640.598000 641.279000 641.940000 642.608000 643.297000 644.032000 645.089000 646.227000 647.482000 648.838000 650.247000 651.636000 653.119000 654.664000 655.801000 656.779000 657.794000 659.212000 660.534000 661.654000 662.835000 664.036000 665.495000 667.240000 669.050000 670.801000 672.481000 674.277000 676.102000 677.921000 679.728000 681.537000 683.338000 685.111000 686.452000
