oms3_prj_geotop/oms3.prj.geotop/data/Sarno_sim_8_Gv1/input_maps/dem.asc
ncols         152
nrows         371
xllcorner     2486737.750000
yllcorner     4520235.500000
cellsize      5.000000
NODATA_value  -9999.0
[rows 270 to 296 of 371, columns 61 to 121 of 152]
203.025000 201.448000 199.748000 197.854000 196.060000 194.383000 193.019000 191.986000 190.958000 189.893000 188.443000 186.570000 184.592000 182.805000 182.440000 182.741000 183.434000 184.169000 184.928000 186.140000 187.716000 189.292000 191.117000 193.143000 195.094000 196.950000 198.806000 200.846000 203.117000 204.493000 206.057000 208.053000 210.526000 214.338000 218.086000 221.729000 225.197000 229.130000 232.962000 236.619000 239.797000 241.966000 243.504000 -9999.0 -9999.0 -9999.0 -9999.0 -9999.0 -9999.0 -9999.0 -9999.0 -9999.0 -9999.0 -9999.0 -9999.0 -9999.0 -9999.0 -9999.0 -9999.0 -9999.0 -9999.0
201.892000 200.323000 198.390000 196.412000 194.658000 193.150000 191.642000 190.599000 189.437000 188.107000 186.589000 184.938000 182.941000 181.763000 180.904000 182.083000 182.833000 183.649000 184.428000 185.394000 186.960000 189.095000 191.295000 193.502000 195.522000 197.514000 199.354000 201.647000 203.928000 206.238000 208.477000 210.726000 213.773000 217.090000 220.596000 223.958000 227.215000 230.486000 233.840000 236.490000 238.743000 240.003000 -9999.0 -9999.0 -9999.0 -9999.0 -9999.0 -9999.0 -9999.0 -9999.0 -9999.0 -9999.0 -9999.0 -9999.0 -9999.0 -9999.0 -9999.0 -9999.0 -9999.0 -9999.0 -9999.0
200.862000 199.045000 197.036000 195.026000 193.236000 191.786000 190.364000 189.015000 187.699000 186.337000 184.922000 183.152000 181.261000 180.000000 180.047000 181.591000 182.420000 183.184000 183.966000 184.757000 186.468000 188.745000 191.381000 193.681000 195.905000 198.021000 199.999000 202.640000 205.143000 207.890000 210.436000 213.262000 216.309000 219.718000 223.492000 226.422000 229.609000 231.874000 234.478000 236.822000 238.137000 -9999.0 -9999.0 -9999.0 -9999.0 -9999.0 -9999.0 -9999.0 -9999.0 -9999.0 -9999.0 -9999.0 -9999.0 -9999.0 -9999.0 -9999.0 -9999.0 -9999.0 -9999.0 -9999.0 -9999.0
199.807000 197.673000 195.609000 193.656000 191.728000 190.134000 188.645000 187.270000 185.956000 184.617000 183.153000 181.390000 179.944000 180.000000 180.000000 181.190000 182.030000 182.848000 183.611000 184.375000 185.562000 188.519000 191.234000 193.598000 196.053000 198.417000 200.787000 203.521000 206.334000 209.210000 212.124000 214.987000 218.536000 222.782000 225.826000 228.489000 230.885000 232.902000 234.638000 236.111000 -9999.0 -9999.0 -9999.0 -9999.0 -9999.0 -9999.0 -9999.0 -9999.0 -9999.0 -9999.0 -9999.0 -9999.0 -9999.0 -9999.0 -9999.0 -9999.0 -9999.0 -9999.0 -9999.0 -9999.0 -9999.0
198.346000 196.248000 194.187000 192.237000 190.295000 188.525000 186.927000 185.515000 184.203000 182.844000 181.376000 179.765000 178.259000 178.455000 178.723000 180.935000 181.702000 182.465000 183.205000 183.931000 184.821000 187.512000 190.612000 193.025000 195.763000 198.522000 201.220000 204.145000 207.208000 210.300000 213.296000 216.581000 220.417000 225.138000 227.028000 228.775000 230.857000 232.358000 233.783000 -9999.0 -9999.0 -9999.0 -9999.0 -9999.0 -9999.0 -9999.0 -9999.0 -9999.0 -9999.0 -9999.0 -9999.0 -9999.0 -9999.0 -9999.0 -9999.0 -9999.0 -9999.0 -9999.0 -9999.0 -9999.0 -9999.0
196.754000 194.792000 192.759000 190.745000 188.647000 186.791000 185.119000 183.770000 182.459000 181.120000 179.726000 178.294000 176.789000 176.698000 177.187000 180.555000 181.318000 181.948000 182.692000 183.577000 184.392000 186.547000 189.277000 191.897000 195.126000 198.313000 201.538000 204.753000 207.890000 211.039000 214.144000 217.434000 221.252000 225.144000 226.765000 228.201000 229.721000 231.089000 -9999.0 -9999.0 -9999.0 -9999.0 -9999.0 -9999.0 -9999.0 -9999.0 -9999.0 -9999.0 -9999.0 -9999.0 -9999.0 -9999.0 -9999.0 -9999.0 -9999.0 -9999.0 -9999.0 -9999.0 -9999.0 -9999.0 -9999.0
194.972000 193.186000 191.290000 189.103000 186.728000 184.811000 183.301000 181.964000 180.688000 179.422000 178.119000 176.756000 175.339000 175.020000 176.265000 180.065000 180.690000 181.454000 182.077000 182.896000 184.045000 185.488000 188.216000 191.405000 194.655000 198.034000 201.571000 204.933000 208.240000 211.620000 214.819000 217.730000 220.898000 223.818000 225.505000 226.856000 228.129000 -9999.0 -9999.0 -9999.0 -9999.0 -9999.0 -9999.0 -9999.0 -9999.0 -9999.0 -9999.0 -9999.0 -9999.0 -9999.0 -9999.0 -9999.0 -9999.0 -9999.0 -9999.0 -9999.0 -9999.0 -9999.0 -9999.0 -9999.0 -9999.0
192.695000 191.215000 189.400000 186.902000 184.622000 183.060000 181.465000 180.145000 178.950000 177.760000 176.508000 175.180000 174.464000 174.544000 174.634000 178.267000 179.960000 180.576000 181.400000 182.215000 183.299000 184.865000 187.869000 191.054000 194.348000 197.892000 201.461000 204.960000 208.424000 211.907000 215.246000 218.033000 220.263000 222.335000 223.878000 225.098000 226.192000 -9999.0 -9999.0 -9999.0 -9999.0 -9999.0 -9999.0 -9999.0 -9999.0 -9999.0 -9999.0 -9999.0 -9999.0 -9999.0 -9999.0 -9999.0 -9999.0 -9999.0 -9999.0 -9999.0 -9999.0 -9999.0 -9999.0 -9999.0 -9999.0
190.069000 188.501000 186.503000 184.412000 182.646000 181.053000 179.652000 178.471000 177.320000 176.097000 174.864000 173.744000 172.819000 172.899000 173.340000 176.306000 177.879000 179.309000 180.348000 181.316000 182.604000 184.314000 187.088000 190.562000 194.107000 197.673000 201.243000 204.801000 208.403000 211.905000 215.210000 217.323000 219.188000 220.708000 222.004000 223.199000 -9999.0 -9999.0 -9999.0 -9999.0 -9999.0 -9999.0 -9999.0 -9999.0 -9999.0 -9999.0 -9999.0 -9999.0 -9999.0 -9999.0 -9999.0 -9999.0 -9999.0 -9999.0 -9999.0 -9999.0 -9999.0 -9999.0 -9999.0 -9999.0 -9999.0
186.811000 185.354000 183.861000 182.237000 180.613000 179.274000 178.098000 176.932000 175.723000 174.496000 173.267000 172.084000 171.242000 171.376000 172.106000 174.574000 176.106000 177.590000 178.938000 180.249000 181.906000 183.573000 186.019000 189.526000 193.372000 197.153000 200.752000 204.412000 208.031000 211.354000 214.280000 216.254000 217.792000 219.058000 220.112000 221.175000 -9999.0 -9999.0 -9999.0 -9999.0 -9999.0 -9999.0 -9999.0 -9999.0 -9999.0 -9999.0 -9999.0 -9999.0 -9999.0 -9999.0 -9999.0 -9999.0 -9999.0 -9999.0 -9999.0 -9999.0 -9999.0 -9999.0 -9999.0 -9999.0 -9999.0
184.115000 182.924000 181.514000 179.994000 178.873000 177.725000 176.588000 175.400000 174.189000 172.967000 171.706000 170.441000 170.000000 170.000000 170.850000 173.354000 174.623000 176.060000 177.496000 178.964000 180.622000 182.599000 184.944000 188.495000 192.294000 196.067000 199.773000 203.538000 207.104000 210.475000 212.789000 215.011000 216.308000 217.430000 218.361000 -9999.0 -9999.0 -9999.0 -9999.0 -9999.0 -9999.0 -9999.0 -9999.0 -9999.0 -9999.0 -9999.0 -9999.0 -9999.0 -9999.0 -9999.0 -9999.0 -9999.0 -9999.0 -9999.0 -9999.0 -9999.0 -9999.0 -9999.0 -9999.0 -9999.0 -9999.0
181.673000 180.532000 179.349000 178.296000 177.184000 176.149000 175.023000 173.895000 172.706000 171.461000 170.202000 169.149000 169.032000 169.002000 169.774000 172.216000 173.523000 174.764000 176.189000 177.696000 179.320000 181.500000 183.969000 187.350000 191.035000 194.777000 198.560000 202.288000 205.924000 209.086000 211.543000 213.437000 214.678000 215.733000 -9999.0 -9999.0 -9999.0 -9999.0 -9999.0 -9999.0 -9999.0 -9999.0 -9999.0 -9999.0 -9999.0 -9999.0 -9999.0 -9999.0 -9999.0 -9999.0 -9999.0 -9999.0 -9999.0 -9999.0 -9999.0 -9999.0 -9999.0 -9999.0 -9999.0 -9999.0 -9999.0
179.267000 178.400000 177.484000 176.429000 175.457000 174.428000 173.429000 172.341000 171.189000 170.001000 168.978000 167.965000 167.835000 168.253000 168.994000 171.184000 172.478000 173.700000 174.921000 176.422000 178.198000 180.055000 182.959000 186.091000 189.742000 193.451000 197.208000 200.980000 204.583000 207.659000 210.285000 211.793000 213.223000 214.075000 -9999.0 -9999.0 -9999.0 -9999.0 -9999.0 -9999.0 -9999.0 -9999.0 -9999.0 -9999.0 -9999.0 -9999.0 -9999.0 -9999.0 -9999.0 -9999.0 -9999.0 -9999.0 -9999.0 -9999.0 -9999.0 -9999.0 -9999.0 -9999.0 -9999.0 -9999.0 -9999.0
-9999.0 176.321000 175.432000 174.560000 173.622000 172.696000 171.714000 170.711000 169.678000 168.585000 167.799000 166.781000 166.733000 167.455000 168.312000 170.179000 171.424000 172.650000 173.875000 175.155000 176.840000 178.955000 181.650000 184.880000 188.513000 192.187000 195.887000 199.659000 203.148000 206.184000 208.711000 210.641000 211.725000 -9999.0 -9999.0 -9999.0 -9999.0 -9999.0 -9999.0 -9999.0 -9999.0 -9999.0 -9999.0 -9999.0 -9999.0 -9999.0 -9999.0 -9999.0 -9999.0 -9999.0 -9999.0 -9999.0 -9999.0 -9999.0 -9999.0 -9999.0 -9999.0 -9999.0 -9999.0 -9999.0 -9999.0
-9999.0 174.139000 173.491000 172.675000 171.800000 170.897000 169.976000 169.061000 168.055000 167.146000 166.275000 165.597000 165.921000 166.712000 167.616000 169.446000 170.380000 171.593000 172.816000 174.077000 175.565000 177.575000 180.293000 183.708000 187.313000 190.990000 194.668000 198.417000 201.728000 204.820000 207.218000 208.905000 210.055000 -9999.0 -9999.0 -9999.0 -9999.0 -9999.0 -9999.0 -9999.0 -9999.0 -9999.0 -9999.0 -9999.0 -9999.0 -9999.0 -9999.0 -9999.0 -9999.0 -9999.0 -9999.0 -9999.0 -9999.0 -9999.0 -9999.0 -9999.0 -9999.0 -9999.0 -9999.0 -9999.0 -9999.0
-9999.0 172.042000 171.513000 170.749000 169.945000 169.134000 168.288000 167.375000 166.442000 165.493000 165.000000 165.000000 165.183000 166.211000 167.158000 168.877000 169.592000 170.519000 171.765000 173.027000 174.380000 176.352000 179.033000 182.473000 186.151000 189.896000 193.581000 197.114000 200.538000 203.420000 205.692000 207.478000 208.190000 -9999.0 -9999.0 -9999.0 -9999.0 -9999.0 -9999.0 -9999.0 -9999.0 -9999.0 -9999.0 -9999.0 -9999.0 -9999.0 -9999.0 -9999.0 -9999.0 -9999.0 -9999.0 -9999.0 -9999.0 -9999.0 -9999.0 -9999.0 -9999.0 -9999.0 -9999.0 -9999.0 -9999.0
-9999.0 -9999.0 169.634000 169.064000 168.364000 167.487000 166.599000 165.688000 164.836000 164.194000 164.274000 164.614000 164.953000 165.779000 166.715000 168.242000 169.041000 169.704000 170.688000 172.023000 173.390000 174.902000 177.836000 181.355000 185.091000 188.889000 192.642000 196.178000 199.360000 201.895000 204.313000 205.971000 -9999.0 -9999.0 -9999.0 -9999.0 -9999.0 -9999.0 -9999.0 -9999.0 -9999.0 -9999.0 -9999.0 -9999.0 -9999.0 -9999.0 -9999.0 -9999.0 -9999.0 -9999.0 -9999.0 -9999.0 -9999.0 -9999.0 -9999.0 -9999.0 -9999.0 -9999.0 -9999.0 -9999.0 -9999.0
-9999.0 -9999.0 168.197000 167.629000 166.976000 165.926000 164.954000 164.323000 163.678000 163.040000 162.994000 163.333000 164.291000 165.457000 166.254000 167.802000 168.465000 169.208000 169.839000 171.001000 172.486000 174.119000 176.479000 180.202000 184.057000 187.982000 191.798000 195.272000 198.034000 200.600000 202.781000 204.218000 -9999.0 -9999.0 -9999.0 -9999.0 -9999.0 -9999.0 -9999.0 -9999.0 -9999.0 -9999.0 -9999.0 -9999.0 -9999.0 -9999.0 -9999.0 -9999.0 -9999.0 -9999.0 -9999.0 -9999.0 -9999.0 -9999.0 -9999.0 -9999.0 -9999.0 -9999.0 -9999.0 -9999.0 -9999.0
-9999.0 -9999.0 -9999.0 166.349000 165.501000 164.632000 163.897000 163.182000 162.545000 161.883000 161.714000 162.429000 163.440000 165.106000 165.899000 167.429000 168.095000 168.727000 169.382000 170.076000 171.696000 173.315000 175.477000 179.145000 183.070000 187.028000 190.843000 194.030000 196.736000 198.967000 200.812000 -9999.0 -9999.0 -9999.0 -9999.0 -9999.0 -9999.0 -9999.0 -9999.0 -9999.0 -9999.0 -9999.0 -9999.0 -9999.0 -9999.0 -9999.0 -9999.0 -9999.0 -9999.0 -9999.0 -9999.0 -9999.0 -9999.0 -9999.0 -9999.0 -9999.0 -9999.0 -9999.0 -9999.0 -9999.0 -9999.0
-9999.0 -9999.0 -9999.0 164.938000 164.420000 163.681000 162.878000 162.162000 161.423000 160.744000 160.568000 161.190000 162.716000 164.627000 165.633000 167.019000 167.740000 168.411000 169.040000 169.670000 170.910000 172.856000 174.801000 178.199000 181.978000 185.994000 189.753000 192.700000 194.810000 196.877000 198.247000 -9999.0 -9999.0 -9999.0 -9999.0 -9999.0 -9999.0 -9999.0 -9999.0 -9999.0 -9999.0 -9999.0 -9999.0 -9999.0 -9999.0 -9999.0 -9999.0 -9999.0 -9999.0 -9999.0 -9999.0 -9999.0 -9999.0 -9999.0 -9999.0 -9999.0 -9999.0 -9999.0 -9999.0 -9999.0 -9999.0
-9999.0 -9999.0 -9999.0 163.903000 163.508000 162.790000 161.943000 161.124000 160.337000 160.000000 160.000000 160.159000 162.077000 164.040000 165.377000 166.792000 167.422000 168.080000 168.748000 169.412000 170.227000 172.214000 174.412000 177.528000 180.834000 184.814000 188.308000 190.919000 192.994000 194.251000 194.869000 -9999.0 -9999.0 -9999.0 -9999.0 -9999.0 -9999.0 -9999.0 -9999.0 -9999.0 -9999.0 -9999.0 -9999.0 -9999.0 -9999.0 -9999.0 -9999.0 -9999.0 -9999.0 -9999.0 -9999.0 -9999.0 -9999.0 -9999.0 -9999.0 -9999.0 -9999.0 -9999.0 -9999.0 -9999.0 -9999.0
-9999.0 -9999.0 -9999.0 163.065000 162.559000 161.842000 161.063000 160.205000 159.168000 159.119000 159.983000 160.000000 161.498000 163.487000 165.173000 166.518000 167.183000 167.847000 168.513000 169.189000 169.881000 171.825000 174.075000 176.690000 179.760000 183.583000 187.082000 189.201000 190.860000 192.069000 -9999.0 -9999.0 -9999.0 -9999.0 -9999.0 -9999.0 -9999.0 -9999.0 -9999.0 -9999.0 -9999.0 -9999.0 -9999.0 -9999.0 -9999.0 -9999.0 -9999.0 -9999.0 -9999.0 -9999.0 -9999.0 -9999.0 -9999.0 -9999.0 -9999.0 -9999.0 -9999.0 -9999.0 -9999.0 -9999.0 -9999.0
-9999.0 -9999.0 -9999.0 162.172000 161.616000 161.014000 160.185000 159.082000 157.926000 157.497000 158.361000 159.225000 161.038000 162.972000 164.879000 166.286000 166.966000 167.655000 168.327000 169.038000 169.762000 171.517000 173.779000 176.316000 179.044000 182.352000 185.466000 187.547000 188.864000 189.868000 -9999.0 -9999.0 -9999.0 -9999.0 -9999.0 -9999.0 -9999.0 -9999.0 -9999.0 -9999.0 -9999.0 -9999.0 -9999.0 -9999.0 -9999.0 -9999.0 -9999.0 -9999.0 -9999.0 -9999.0 -9999.0 -9999.0 -9999.0 -9999.0 -9999.0 -9999.0 -9999.0 -9999.0 -9999.0 -9999.0 -9999.0
-9999.0 -9999.0 -9999.0 161.214000 160.855000 160.180000 159.017000 157.814000 156.720000 155.876000 156.418000 157.890000 160.714000 162.550000 164.279000 166.063000 166.772000 167.504000 168.238000 168.972000 169.703000 171.313000 173.515000 175.841000 178.426000 181.031000 183.868000 185.692000 186.985000 187.846000 -9999.0 -9999.0 -9999.0 -9999.0 -9999.0 -9999.0 -9999.0 -9999.0 -9999.0 -9999.0 -9999.0 -9999.0 -9999.0 -9999.0 -9999.0 -9999.0 -9999.0 -9999.0 -9999.0 -9999.0 -9999.0 -9999.0 -9999.0 -9999.0 -9999.0 -9999.0 -9999.0 -9999.0 -9999.0 -9999.0 -9999.0
-9999.0 -9999.0 -9999.0 160.257000 160.095000 158.956000 157.739000 156.505000 155.340000 155.000000 155.000000 157.225000 160.335000 161.941000 163.630000 165.860000 166.577000 167.362000 168.146000 168.931000 169.715000 171.282000 173.292000 175.487000 177.854000 180.225000 182.584000 183.921000 184.992000 -9999.0 -9999.0 -9999.0 -9999.0 -9999.0 -9999.0 -9999.0 -9999.0 -9999.0 -9999.0 -9999.0 -9999.0 -9999.0 -9999.0 -9999.0 -9999.0 -9999.0 -9999.0 -9999.0 -9999.0 -9999.0 -9999.0 -9999.0 -9999.0 -9999.0 -9999.0 -9999.0 -9999.0 -9999.0 -9999.0 -9999.0 -9999.0
-9999.0 -9999.0 159.461000 159.474000 158.784000 157.654000 156.410000 155.188000 154.086000 155.000000 155.000000 157.070000 160.092000 161.698000 163.304000 165.637000 166.421000 167.214000 168.065000 168.916000 169.767000 171.229000 173.075000 175.055000 177.294000 179.496000 181.302000 182.804000 -9999.0 -9999.0 -9999.0 -9999.0 -9999.0 -9999.0 -9999.0 -9999.0 -9999.0 -9999.0 -9999.0 -9999.0 -9999.0 -9999.0 -9999.0 -9999.0 -9999.0 -9999.0 -9999.0 -9999.0 -9999.0 -9999.0 -9999.0 -9999.0 -9999.0 -9999.0 -9999.0 -9999.0 -9999.0 -9999.0 -9999.0 -9999.0 -9999.0
-9999.0 -9999.0 158.361000 158.240000 157.411000 156.411000 155.148000 153.614000 152.302000 153.257000 154.331000 156.599000 159.706000 161.454000 162.888000 165.372000 166.253000 167.134000 168.020000 168.948000 169.877000 171.467000 173.157000 174.766000 176.612000 178.532000 180.328000 -9999.0 -9999.0 -9999.0 -9999.0 -9999.0 -9999.0 -9999.0 -9999.0 -9999.0 -9999.0 -9999.0 -9999.0 -9999.0 -9999.0 -9999.0 -9999.0 -9999.0 -9999.0 -9999.0 -9999.0 -9999.0 -9999.0 -9999.0 -9999.0 -9999.0 -9999.0 -9999.0 -9999.0 -9999.0 -9999.0 -9999.0 -9999.0 -9999.0 -9999.0
