oms3_prj_geotop/oms3.prj.geotop/data/Sarno_sim_8_Gv1/input_maps/dem.asc
ncols         152
nrows         371
xllcorner     2486737.750000
yllcorner     4520235.500000
cellsize      5.000000
NODATA_value  -9999.0
[rows 216 to 242 of 371, columns 61 to 121 of 152]
318.148000 315.057000 312.103000 309.137000 306.075000 303.009000 299.849000 297.330000 294.692000 290.610000 287.278000 284.146000 281.162000 278.231000 275.371000 269.290000 266.683000 264.928000 265.042000 266.248000 267.990000 269.837000 271.775000 273.709000 276.074000 278.976000 281.879000 284.765000 287.699000 290.640000 293.387000 296.111000 298.820000 301.656000 304.587000 307.467000 310.281000 313.117000 315.936000 318.732000 321.431000 323.874000 325.926000 327.503000 328.290000 328.669000 -9999.0 -9999.0 -9999.0 -9999.0 -9999.0 -9999.0 -9999.0 -9999.0 -9999.0 -9999.0 -9999.0 -9999.0 -9999.0 -9999.0 -9999.0
316.251000 313.118000 310.025000 307.028000 303.967000 300.880000 298.209000 295.719000 292.078000 288.408000 285.184000 281.937000 278.842000 275.837000 272.878000 266.927000 264.281000 263.023000 263.116000 264.853000 266.652000 268.555000 270.187000 272.156000 274.295000 276.989000 279.871000 282.678000 285.475000 288.326000 291.182000 293.916000 296.755000 299.557000 302.479000 305.398000 308.204000 311.025000 313.808000 316.559000 319.202000 321.525000 323.635000 325.082000 325.853000 -9999.0 -9999.0 -9999.0 -9999.0 -9999.0 -9999.0 -9999.0 -9999.0 -9999.0 -9999.0 -9999.0 -9999.0 -9999.0 -9999.0 -9999.0 -9999.0
314.497000 311.279000 308.167000 305.136000 302.042000 299.143000 296.644000 293.690000 289.706000 286.468000 283.159000 279.892000 276.704000 273.606000 270.709000 264.891000 262.068000 260.673000 261.377000 263.211000 265.429000 267.178000 268.793000 270.512000 272.606000 274.859000 277.704000 280.557000 283.166000 285.870000 288.655000 291.464000 294.611000 297.505000 300.404000 303.341000 306.198000 308.979000 311.748000 314.458000 317.061000 319.583000 321.448000 323.045000 323.649000 -9999.0 -9999.0 -9999.0 -9999.0 -9999.0 -9999.0 -9999.0 -9999.0 -9999.0 -9999.0 -9999.0 -9999.0 -9999.0 -9999.0 -9999.0 -9999.0
312.816000 309.566000 306.497000 303.420000 300.334000 297.707000 295.135000 291.350000 287.889000 284.637000 281.308000 278.034000 274.765000 271.795000 268.836000 262.962000 259.954000 260.000000 260.000000 261.576000 263.989000 265.977000 267.590000 269.039000 270.750000 272.982000 275.312000 278.122000 280.763000 283.287000 285.911000 288.763000 291.913000 295.226000 298.234000 301.279000 304.177000 306.984000 309.749000 312.405000 315.006000 317.455000 319.631000 320.945000 321.518000 -9999.0 -9999.0 -9999.0 -9999.0 -9999.0 -9999.0 -9999.0 -9999.0 -9999.0 -9999.0 -9999.0 -9999.0 -9999.0 -9999.0 -9999.0 -9999.0
311.242000 308.069000 304.931000 301.843000 298.903000 296.202000 293.103000 289.426000 286.233000 282.920000 279.574000 276.321000 273.180000 270.114000 267.145000 261.158000 258.685000 258.169000 258.593000 259.985000 262.434000 264.715000 266.211000 267.572000 268.993000 270.782000 273.037000 275.408000 278.043000 280.576000 283.092000 285.821000 289.064000 292.526000 295.834000 299.177000 302.182000 305.030000 307.790000 310.479000 312.917000 315.234000 317.256000 318.649000 -9999.0 -9999.0 -9999.0 -9999.0 -9999.0 -9999.0 -9999.0 -9999.0 -9999.0 -9999.0 -9999.0 -9999.0 -9999.0 -9999.0 -9999.0 -9999.0 -9999.0
309.710000 306.540000 303.420000 300.332000 297.406000 294.621000 291.129000 287.794000 284.583000 281.251000 277.951000 274.698000 271.551000 268.496000 265.481000 259.614000 257.434000 256.207000 256.143000 258.449000 260.900000 263.036000 264.644000 265.811000 267.103000 268.722000 270.615000 272.900000 275.178000 277.693000 280.154000 282.804000 285.871000 289.742000 293.247000 296.682000 300.208000 303.040000 305.827000 308.539000 311.084000 313.201000 314.961000 316.338000 -9999.0 -9999.0 -9999.0 -9999.0 -9999.0 -9999.0 -9999.0 -9999.0 -9999.0 -9999.0 -9999.0 -9999.0 -9999.0 -9999.0 -9999.0 -9999.0 -9999.0
308.163000 305.013000 301.925000 298.880000 295.935000 292.733000 289.412000 286.176000 282.926000 279.618000 276.343000 273.118000 269.942000 266.858000 263.817000 257.848000 255.500000 253.651000 253.534000 255.655000 259.690000 262.034000 263.210000 264.248000 265.204000 266.716000 268.449000 270.347000 272.591000 274.763000 277.164000 279.725000 282.694000 286.376000 290.561000 294.083000 297.717000 301.122000 303.889000 306.611000 309.183000 311.256000 312.808000 313.905000 -9999.0 -9999.0 -9999.0 -9999.0 -9999.0 -9999.0 -9999.0 -9999.0 -9999.0 -9999.0 -9999.0 -9999.0 -9999.0 -9999.0 -9999.0 -9999.0 -9999.0
306.591000 303.511000 300.451000 297.273000 294.222000 291.111000 287.829000 284.571000 281.298000 278.019000 274.741000 271.508000 268.333000 265.210000 262.139000 255.877000 252.853000 250.694000 250.822000 252.988000 257.296000 260.744000 262.114000 263.033000 263.929000 264.807000 266.355000 268.148000 270.021000 272.180000 274.248000 276.602000 279.479000 283.105000 287.284000 291.433000 295.123000 298.936000 301.995000 304.681000 307.185000 308.981000 310.328000 311.109000 -9999.0 -9999.0 -9999.0 -9999.0 -9999.0 -9999.0 -9999.0 -9999.0 -9999.0 -9999.0 -9999.0 -9999.0 -9999.0 -9999.0 -9999.0 -9999.0 -9999.0
304.973000 302.023000 298.840000 295.576000 292.626000 289.509000 286.242000 282.976000 279.706000 276.418000 273.143000 269.878000 266.695000 263.547000 260.443000 253.611000 250.507000 245.320000 245.540000 249.552000 254.541000 259.323000 260.910000 261.853000 262.594000 263.447000 264.455000 265.889000 267.762000 269.713000 271.792000 273.761000 276.255000 279.942000 283.997000 288.460000 292.473000 296.408000 300.131000 302.789000 305.245000 307.169000 308.158000 308.695000 -9999.0 -9999.0 -9999.0 -9999.0 -9999.0 -9999.0 -9999.0 -9999.0 -9999.0 -9999.0 -9999.0 -9999.0 -9999.0 -9999.0 -9999.0 -9999.0 -9999.0
303.406000 300.535000 297.140000 293.911000 291.053000 287.930000 284.655000 281.389000 278.109000 274.818000 271.519000 268.257000 265.021000 261.832000 258.511000 251.592000 248.064000 245.000000 245.000000 246.384000 251.327000 255.925000 259.278000 260.469000 261.201000 261.970000 262.843000 264.051000 265.415000 267.382000 269.451000 271.569000 273.787000 276.886000 281.184000 285.338000 289.817000 293.857000 297.735000 300.926000 303.398000 305.381000 306.251000 -9999.0 -9999.0 -9999.0 -9999.0 -9999.0 -9999.0 -9999.0 -9999.0 -9999.0 -9999.0 -9999.0 -9999.0 -9999.0 -9999.0 -9999.0 -9999.0 -9999.0 -9999.0
301.716000 298.596000 295.109000 292.501000 289.613000 286.332000 283.066000 279.804000 276.513000 273.210000 269.898000 266.603000 263.336000 260.119000 256.615000 249.903000 246.460000 244.395000 243.789000 243.881000 248.049000 252.302000 255.417000 257.588000 259.177000 260.388000 261.288000 262.381000 263.609000 264.952000 267.052000 269.517000 271.917000 274.731000 278.786000 282.866000 287.026000 291.245000 295.447000 298.974000 301.548000 303.555000 304.387000 -9999.0 -9999.0 -9999.0 -9999.0 -9999.0 -9999.0 -9999.0 -9999.0 -9999.0 -9999.0 -9999.0 -9999.0 -9999.0 -9999.0 -9999.0 -9999.0 -9999.0 -9999.0
300.013000 296.561000 293.637000 291.023000 287.997000 284.736000 281.483000 278.213000 274.925000 271.602000 268.285000 264.982000 261.706000 258.400000 255.041000 248.631000 245.330000 242.694000 241.360000 241.887000 245.059000 248.817000 251.954000 254.149000 256.189000 257.828000 259.460000 260.681000 261.915000 263.277000 264.809000 267.217000 270.316000 273.365000 276.993000 280.930000 284.842000 288.791000 293.018000 296.814000 300.031000 301.724000 302.907000 -9999.0 -9999.0 -9999.0 -9999.0 -9999.0 -9999.0 -9999.0 -9999.0 -9999.0 -9999.0 -9999.0 -9999.0 -9999.0 -9999.0 -9999.0 -9999.0 -9999.0 -9999.0
297.983000 294.671000 292.193000 289.572000 286.360000 283.139000 279.904000 276.629000 273.331000 270.004000 266.694000 263.428000 260.145000 256.980000 253.795000 247.467000 244.327000 241.312000 240.000000 240.000000 242.819000 246.613000 249.264000 251.629000 253.579000 255.485000 257.127000 258.755000 260.194000 261.624000 263.210000 265.159000 268.503000 271.943000 275.495000 279.291000 283.115000 286.954000 290.797000 295.010000 298.150000 300.420000 301.304000 -9999.0 -9999.0 -9999.0 -9999.0 -9999.0 -9999.0 -9999.0 -9999.0 -9999.0 -9999.0 -9999.0 -9999.0 -9999.0 -9999.0 -9999.0 -9999.0 -9999.0 -9999.0
295.934000 293.241000 290.784000 287.878000 284.729000 281.543000 278.322000 275.054000 271.743000 268.442000 265.154000 261.957000 258.778000 255.735000 252.643000 246.342000 243.246000 240.127000 239.717000 240.000000 241.145000 244.877000 247.491000 249.524000 251.606000 253.431000 255.192000 256.820000 258.438000 260.020000 261.721000 263.809000 266.819000 270.487000 274.142000 277.876000 281.598000 285.324000 289.127000 293.010000 296.326000 298.632000 299.536000 -9999.0 -9999.0 -9999.0 -9999.0 -9999.0 -9999.0 -9999.0 -9999.0 -9999.0 -9999.0 -9999.0 -9999.0 -9999.0 -9999.0 -9999.0 -9999.0 -9999.0 -9999.0
294.234000 291.805000 289.257000 286.222000 283.133000 279.999000 276.748000 273.493000 270.187000 266.931000 263.728000 260.577000 257.578000 254.595000 251.495000 245.183000 242.008000 239.032000 237.615000 238.383000 239.813000 243.414000 246.240000 248.126000 249.763000 251.577000 253.275000 255.070000 256.708000 258.479000 260.404000 262.770000 265.361000 269.064000 272.763000 276.471000 280.204000 283.898000 287.739000 291.457000 294.943000 296.640000 297.918000 -9999.0 -9999.0 -9999.0 -9999.0 -9999.0 -9999.0 -9999.0 -9999.0 -9999.0 -9999.0 -9999.0 -9999.0 -9999.0 -9999.0 -9999.0 -9999.0 -9999.0 -9999.0
292.781000 290.339000 287.531000 284.635000 281.571000 278.430000 275.202000 271.936000 268.685000 265.472000 262.345000 259.289000 256.391000 253.407000 250.371000 244.000000 240.783000 237.996000 235.514000 235.805000 238.726000 242.069000 245.159000 246.842000 248.555000 249.754000 251.326000 253.082000 255.108000 256.947000 258.989000 261.464000 264.249000 267.697000 271.394000 275.117000 278.864000 282.633000 286.495000 290.318000 292.941000 295.225000 296.137000 -9999.0 -9999.0 -9999.0 -9999.0 -9999.0 -9999.0 -9999.0 -9999.0 -9999.0 -9999.0 -9999.0 -9999.0 -9999.0 -9999.0 -9999.0 -9999.0 -9999.0 -9999.0
291.285000 288.710000 285.974000 283.082000 280.072000 276.889000 273.675000 270.424000 267.224000 264.062000 260.959000 258.040000 255.159000 252.262000 249.239000 242.791000 239.554000 236.323000 235.000000 235.000000 237.397000 241.096000 243.996000 246.108000 247.412000 248.331000 249.445000 251.099000 253.226000 255.448000 257.616000 259.937000 262.995000 266.351000 270.053000 273.798000 277.617000 281.442000 285.351000 289.328000 291.680000 293.342000 -9999.0 -9999.0 -9999.0 -9999.0 -9999.0 -9999.0 -9999.0 -9999.0 -9999.0 -9999.0 -9999.0 -9999.0 -9999.0 -9999.0 -9999.0 -9999.0 -9999.0 -9999.0 -9999.0
289.712000 287.149000 284.421000 281.561000 278.526000 275.367000 272.152000 268.948000 265.770000 262.648000 259.589000 256.760000 253.988000 251.152000 248.078000 241.559000 238.223000 234.953000 234.180000 235.000000 236.290000 240.084000 242.890000 245.000000 245.789000 246.677000 247.469000 249.206000 251.488000 253.876000 256.153000 258.670000 261.584000 265.026000 268.735000 272.546000 276.384000 280.297000 284.238000 288.096000 290.963000 292.783000 -9999.0 -9999.0 -9999.0 -9999.0 -9999.0 -9999.0 -9999.0 -9999.0 -9999.0 -9999.0 -9999.0 -9999.0 -9999.0 -9999.0 -9999.0 -9999.0 -9999.0 -9999.0 -9999.0
288.122000 285.593000 282.906000 280.095000 277.000000 273.851000 270.655000 267.471000 264.306000 261.206000 258.248000 255.370000 252.885000 250.140000 246.899000 240.297000 236.875000 233.724000 231.848000 233.031000 235.227000 238.937000 241.927000 243.765000 244.589000 244.713000 245.041000 247.291000 250.013000 252.338000 254.661000 257.265000 260.258000 263.818000 267.503000 271.396000 275.212000 279.110000 282.933000 286.805000 290.404000 291.640000 -9999.0 -9999.0 -9999.0 -9999.0 -9999.0 -9999.0 -9999.0 -9999.0 -9999.0 -9999.0 -9999.0 -9999.0 -9999.0 -9999.0 -9999.0 -9999.0 -9999.0 -9999.0 -9999.0
286.593000 284.071000 281.406000 278.567000 275.515000 272.337000 269.145000 265.960000 262.826000 259.737000 256.840000 254.125000 251.697000 248.980000 245.674000 238.935000 235.490000 232.471000 230.000000 230.970000 234.284000 237.802000 240.791000 242.551000 242.939000 243.078000 243.782000 245.391000 248.304000 250.994000 253.295000 255.808000 258.959000 262.480000 266.286000 270.248000 274.028000 277.868000 281.665000 285.326000 289.651000 290.280000 -9999.0 -9999.0 -9999.0 -9999.0 -9999.0 -9999.0 -9999.0 -9999.0 -9999.0 -9999.0 -9999.0 -9999.0 -9999.0 -9999.0 -9999.0 -9999.0 -9999.0 -9999.0 -9999.0
285.045000 282.521000 279.930000 276.985000 273.947000 270.776000 267.588000 264.408000 261.301000 258.322000 255.378000 253.068000 250.740000 247.710000 244.359000 237.481000 233.909000 230.472000 229.931000 230.000000 233.218000 236.810000 240.043000 240.781000 241.169000 241.442000 242.537000 244.054000 246.875000 249.553000 251.876000 254.393000 257.492000 261.159000 264.956000 268.862000 272.704000 276.545000 280.318000 283.525000 286.786000 287.889000 -9999.0 -9999.0 -9999.0 -9999.0 -9999.0 -9999.0 -9999.0 -9999.0 -9999.0 -9999.0 -9999.0 -9999.0 -9999.0 -9999.0 -9999.0 -9999.0 -9999.0 -9999.0 -9999.0
283.412000 280.906000 278.259000 275.421000 272.309000 269.155000 265.960000 262.845000 259.751000 256.690000 254.058000 251.943000 249.570000 246.154000 242.711000 235.521000 232.037000 228.851000 227.606000 228.662000 231.705000 235.794000 238.837000 240.000000 240.000000 240.000000 240.486000 242.865000 245.561000 248.127000 250.480000 253.020000 256.039000 259.781000 263.627000 267.419000 271.293000 275.137000 278.938000 282.160000 284.072000 285.189000 -9999.0 -9999.0 -9999.0 -9999.0 -9999.0 -9999.0 -9999.0 -9999.0 -9999.0 -9999.0 -9999.0 -9999.0 -9999.0 -9999.0 -9999.0 -9999.0 -9999.0 -9999.0 -9999.0
281.622000 279.140000 276.624000 273.827000 270.620000 267.470000 264.326000 261.266000 258.120000 254.968000 252.843000 250.712000 247.634000 244.185000 240.610000 233.290000 229.818000 226.765000 225.096000 225.975000 230.110000 234.303000 237.381000 239.755000 239.598000 239.539000 240.000000 241.344000 244.325000 246.820000 249.167000 251.752000 254.573000 258.243000 262.084000 265.904000 269.787000 273.662000 277.351000 280.572000 282.689000 283.463000 -9999.0 -9999.0 -9999.0 -9999.0 -9999.0 -9999.0 -9999.0 -9999.0 -9999.0 -9999.0 -9999.0 -9999.0 -9999.0 -9999.0 -9999.0 -9999.0 -9999.0 -9999.0 -9999.0
279.623000 277.211000 274.689000 271.943000 268.824000 265.751000 262.699000 259.617000 256.333000 253.652000 251.472000 248.892000 245.303000 241.596000 237.876000 230.686000 227.283000 224.555000 225.000000 225.000000 228.345000 232.426000 235.787000 238.124000 238.246000 237.843000 238.318000 239.933000 242.950000 245.812000 248.076000 250.435000 253.316000 256.559000 260.332000 264.054000 268.080000 272.087000 275.875000 279.043000 281.048000 281.808000 -9999.0 -9999.0 -9999.0 -9999.0 -9999.0 -9999.0 -9999.0 -9999.0 -9999.0 -9999.0 -9999.0 -9999.0 -9999.0 -9999.0 -9999.0 -9999.0 -9999.0 -9999.0 -9999.0
277.658000 275.282000 272.681000 269.996000 267.074000 264.058000 261.079000 257.813000 254.644000 252.339000 250.034000 246.256000 242.432000 238.650000 234.923000 227.825000 224.577000 222.848000 223.111000 223.714000 226.456000 230.778000 234.265000 236.106000 236.299000 236.258000 237.028000 238.477000 241.567000 244.823000 247.133000 249.398000 252.068000 254.843000 258.519000 262.085000 265.813000 270.316000 274.319000 277.464000 279.263000 280.134000 280.200000 -9999.0 -9999.0 -9999.0 -9999.0 -9999.0 -9999.0 -9999.0 -9999.0 -9999.0 -9999.0 -9999.0 -9999.0 -9999.0 -9999.0 -9999.0 -9999.0 -9999.0 -9999.0
275.665000 273.384000 270.847000 268.198000 265.290000 262.404000 259.374000 255.843000 253.117000 250.723000 247.257000 243.321000 239.415000 235.612000 231.903000 224.875000 222.288000 221.141000 221.286000 222.651000 224.845000 228.861000 232.499000 235.000000 235.000000 235.000000 235.000000 237.160000 240.215000 243.588000 246.345000 248.579000 250.874000 253.598000 256.688000 260.126000 263.706000 268.012000 272.289000 275.588000 277.232000 277.485000 277.499000 -9999.0 -9999.0 -9999.0 -9999.0 -9999.0 -9999.0 -9999.0 -9999.0 -9999.0 -9999.0 -9999.0 -9999.0 -9999.0 -9999.0 -9999.0 -9999.0 -9999.0 -9999.0
273.706000 271.486000 269.013000 266.357000 263.590000 260.768000 257.162000 253.948000 251.421000 248.374000 244.391000 240.313000 236.352000 232.499000 228.812000 222.119000 219.890000 220.000000 220.000000 221.552000 223.773000 226.989000 230.793000 234.909000 235.000000 235.000000 235.000000 235.974000 238.996000 242.353000 245.556000 247.698000 249.751000 252.367000 255.080000 258.385000 261.709000 265.142000 270.019000 273.329000 274.751000 274.956000 274.863000 -9999.0 -9999.0 -9999.0 -9999.0 -9999.0 -9999.0 -9999.0 -9999.0 -9999.0 -9999.0 -9999.0 -9999.0 -9999.0 -9999.0 -9999.0 -9999.0 -9999.0 -9999.0
