oms3_prj_geotop/oms3.prj.geotop/data/Sarno_sim_8_Gv1/input_maps/dem.asc
ncols         152
nrows         371
xllcorner     2486737.750000
yllcorner     4520235.500000
cellsize      5.000000
NODATA_value  -9999.0
[rows 108 to 134 of 371, columns 61 to 121 of 152]
624.877000 624.775000 624.709000 624.690000 624.750000 624.857000 625.015000 625.219000 625.487000 625.802000 626.161000 626.566000 627.010000 627.498000 628.049000 629.312000 630.031000 630.864000 631.741000 632.641000 633.554000 634.412000 635.229000 635.946000 636.620000 637.253000 637.848000 638.418000 638.973000 639.504000 640.034000 640.666000 641.581000 642.690000 643.921000 645.320000 646.651000 648.071000 649.631000 651.142000 652.697000 654.242000 655.441000 656.669000 657.818000 659.247000 660.486000 661.696000 662.900000 664.223000 665.768000 667.578000 669.457000 671.209000 673.091000 674.882000 676.631000 678.467000 680.283000 682.015000 683.632000
621.885000 621.704000 621.630000 621.633000 621.696000 621.831000 622.014000 622.242000 622.504000 622.905000 623.178000 623.623000 624.312000 625.119000 625.671000 626.891000 627.557000 628.311000 629.103000 629.967000 630.902000 631.843000 632.730000 633.386000 634.040000 634.622000 635.192000 635.758000 636.294000 636.796000 637.320000 637.806000 638.337000 639.215000 640.118000 641.384000 642.778000 644.273000 645.781000 647.334000 648.933000 650.507000 652.015000 653.487000 654.940000 656.199000 657.557000 658.957000 660.349000 661.623000 662.957000 664.356000 666.014000 667.901000 669.720000 671.516000 673.259000 675.169000 676.978000 678.555000 680.267000
618.966000 618.812000 618.757000 618.768000 618.838000 618.967000 619.132000 619.317000 619.517000 619.693000 619.876000 619.983000 620.141000 620.314000 621.075000 623.941000 625.109000 625.788000 626.534000 627.295000 628.265000 629.282000 630.244000 630.917000 631.591000 632.191000 632.672000 633.185000 633.629000 634.087000 634.533000 635.003000 635.476000 636.196000 636.868000 637.712000 638.767000 640.193000 641.767000 643.397000 645.065000 646.715000 648.257000 649.812000 651.326000 652.843000 654.370000 655.836000 657.302000 658.814000 660.316000 661.688000 663.112000 664.557000 666.319000 668.141000 669.724000 671.491000 673.222000 674.885000 -9999.0
616.148000 616.099000 616.092000 616.117000 616.200000 616.331000 616.492000 616.657000 616.824000 616.982000 617.108000 617.201000 617.356000 617.529000 618.003000 619.562000 620.887000 622.472000 623.711000 624.554000 625.408000 626.273000 627.132000 628.006000 628.883000 629.627000 630.157000 630.570000 630.986000 631.363000 631.758000 632.215000 632.683000 633.195000 633.753000 634.315000 634.967000 636.098000 637.603000 639.371000 641.166000 642.909000 644.571000 646.157000 647.734000 649.322000 650.907000 652.524000 654.142000 655.715000 657.257000 658.833000 660.351000 661.794000 663.224000 664.836000 666.506000 668.027000 669.417000 -9999.0 -9999.0
613.338000 613.378000 613.387000 613.463000 613.565000 613.688000 613.837000 613.999000 614.121000 614.238000 614.339000 614.472000 614.640000 614.928000 615.503000 617.265000 618.288000 619.286000 620.531000 621.721000 622.616000 623.587000 624.222000 624.854000 625.651000 626.490000 627.145000 627.757000 628.314000 628.680000 629.117000 629.517000 629.910000 630.397000 630.937000 631.503000 632.136000 632.880000 633.883000 635.054000 637.099000 639.091000 640.886000 642.562000 644.196000 645.845000 647.503000 649.167000 650.829000 652.493000 654.112000 655.690000 657.223000 658.723000 660.260000 661.720000 663.245000 664.896000 666.327000 -9999.0 -9999.0
610.534000 610.654000 610.734000 610.824000 610.931000 611.048000 611.174000 611.298000 611.404000 611.506000 611.618000 611.856000 612.073000 612.625000 613.333000 615.033000 616.020000 617.007000 618.080000 619.135000 620.164000 621.162000 621.910000 622.567000 623.150000 623.749000 624.283000 624.904000 625.582000 626.104000 626.652000 627.162000 627.624000 628.082000 628.515000 628.984000 629.471000 629.989000 630.833000 631.940000 633.366000 635.147000 637.175000 638.970000 640.684000 642.384000 644.099000 645.825000 647.547000 649.250000 650.884000 652.456000 653.992000 655.435000 656.903000 658.379000 659.920000 661.405000 -9999.0 -9999.0 -9999.0
607.692000 607.875000 608.052000 608.176000 608.277000 608.383000 608.496000 608.580000 608.654000 608.732000 608.873000 609.131000 609.717000 610.371000 611.370000 613.213000 614.000000 614.787000 615.735000 616.745000 617.762000 618.741000 619.594000 620.299000 620.835000 621.271000 621.768000 622.085000 622.686000 623.190000 623.894000 624.704000 625.328000 625.831000 626.311000 626.798000 627.311000 627.849000 628.439000 629.169000 630.001000 631.644000 633.497000 635.318000 637.135000 638.937000 640.759000 642.534000 644.317000 646.054000 647.712000 649.262000 650.767000 652.200000 653.569000 654.909000 656.184000 657.593000 -9999.0 -9999.0 -9999.0
604.818000 605.115000 605.348000 605.495000 605.620000 605.702000 605.777000 605.842000 605.877000 605.931000 606.024000 606.262000 606.883000 607.837000 609.160000 611.399000 612.186000 612.869000 613.643000 614.472000 615.366000 616.264000 617.097000 617.717000 618.203000 618.602000 618.956000 619.256000 619.562000 619.898000 620.364000 620.930000 621.583000 622.479000 623.347000 624.293000 625.157000 625.709000 626.300000 627.016000 627.773000 628.764000 629.932000 631.735000 633.581000 635.479000 637.369000 639.283000 641.119000 642.905000 644.597000 646.188000 647.688000 649.040000 650.347000 651.665000 652.785000 -9999.0 -9999.0 -9999.0 -9999.0
601.977000 602.355000 602.638000 602.820000 602.926000 603.000000 603.038000 603.050000 603.084000 603.119000 603.203000 603.444000 604.084000 605.088000 606.416000 609.296000 610.285000 610.927000 611.683000 612.465000 613.149000 613.893000 614.510000 615.072000 615.454000 615.770000 616.062000 616.337000 616.614000 616.926000 617.277000 617.708000 618.207000 618.783000 619.412000 620.115000 621.065000 622.084000 623.224000 624.583000 625.545000 626.428000 627.492000 628.743000 630.135000 632.080000 634.048000 635.988000 637.913000 639.824000 641.621000 643.178000 644.692000 646.076000 647.385000 648.573000 649.676000 -9999.0 -9999.0 -9999.0 -9999.0
599.154000 599.599000 599.931000 600.130000 600.232000 600.273000 600.274000 600.265000 600.268000 600.303000 600.412000 600.668000 601.225000 602.294000 603.489000 606.133000 607.290000 608.335000 609.313000 610.178000 610.796000 611.327000 611.857000 612.274000 612.565000 612.837000 613.091000 613.330000 613.602000 613.897000 614.224000 614.671000 615.150000 615.703000 616.312000 616.920000 617.603000 618.318000 619.066000 619.880000 621.206000 623.067000 625.013000 626.149000 627.532000 628.989000 630.842000 632.834000 634.784000 636.697000 638.626000 640.438000 641.955000 643.452000 644.588000 645.689000 646.748000 -9999.0 -9999.0 -9999.0 -9999.0
596.365000 596.845000 597.224000 597.406000 597.454000 597.427000 597.381000 597.342000 597.315000 597.286000 597.386000 597.549000 598.106000 599.208000 600.460000 602.987000 604.097000 605.157000 606.144000 607.069000 607.812000 608.439000 609.064000 609.373000 609.605000 609.833000 610.063000 610.288000 610.521000 610.759000 611.021000 611.393000 611.693000 612.107000 612.794000 613.464000 614.230000 615.045000 615.790000 616.637000 617.606000 618.839000 620.503000 622.696000 624.675000 626.258000 627.897000 629.749000 631.715000 633.692000 635.644000 637.538000 639.500000 641.105000 642.355000 643.567000 -9999.0 -9999.0 -9999.0 -9999.0 -9999.0
593.650000 594.138000 594.519000 594.642000 594.642000 594.575000 594.503000 594.421000 594.352000 594.307000 594.296000 594.384000 594.818000 595.905000 597.204000 599.837000 601.008000 602.086000 603.095000 603.963000 604.680000 605.288000 605.786000 606.101000 606.341000 606.532000 606.759000 606.999000 607.224000 607.465000 607.740000 608.047000 608.314000 608.609000 608.993000 609.530000 610.263000 611.156000 612.129000 613.193000 614.476000 615.869000 617.424000 619.174000 621.121000 623.021000 624.866000 626.710000 628.579000 630.596000 632.570000 634.561000 636.541000 638.585000 640.477000 641.729000 -9999.0 -9999.0 -9999.0 -9999.0 -9999.0
591.005000 591.451000 591.784000 591.890000 591.855000 591.722000 591.616000 591.477000 591.368000 591.320000 591.304000 591.474000 591.909000 592.760000 593.996000 596.547000 597.815000 599.032000 600.146000 601.032000 601.794000 602.334000 602.728000 603.004000 603.209000 603.382000 603.567000 603.746000 603.957000 604.177000 604.459000 604.750000 605.010000 605.129000 605.339000 605.662000 606.302000 607.245000 608.359000 609.673000 611.070000 612.685000 614.410000 616.194000 618.004000 619.836000 621.699000 623.501000 625.294000 627.261000 629.326000 631.349000 633.231000 635.175000 637.153000 -9999.0 -9999.0 -9999.0 -9999.0 -9999.0 -9999.0
588.358000 588.792000 589.090000 589.175000 589.097000 588.922000 588.729000 588.560000 588.425000 588.322000 588.303000 588.468000 588.918000 589.686000 590.830000 593.344000 594.590000 595.825000 596.995000 597.983000 598.823000 599.386000 599.736000 599.981000 600.169000 600.324000 600.477000 600.621000 600.844000 601.102000 601.364000 601.645000 601.906000 602.098000 602.256000 602.498000 602.954000 603.706000 604.766000 606.190000 607.822000 609.508000 611.314000 613.140000 614.967000 616.776000 618.601000 620.409000 622.197000 623.923000 625.736000 627.664000 629.856000 631.599000 633.301000 -9999.0 -9999.0 -9999.0 -9999.0 -9999.0 -9999.0
585.708000 586.170000 586.459000 586.525000 586.403000 586.164000 585.919000 585.691000 585.486000 585.338000 585.299000 585.387000 585.792000 586.636000 587.716000 590.196000 591.465000 592.693000 593.861000 594.887000 595.734000 596.356000 596.774000 597.045000 597.237000 597.392000 597.531000 597.669000 597.838000 598.081000 598.334000 598.596000 598.842000 599.086000 599.267000 599.518000 599.918000 600.600000 601.614000 602.960000 604.589000 606.386000 608.227000 610.043000 611.862000 613.663000 615.472000 617.280000 619.071000 620.820000 622.477000 624.018000 625.595000 627.409000 -9999.0 -9999.0 -9999.0 -9999.0 -9999.0 -9999.0 -9999.0
583.140000 583.614000 583.884000 583.903000 583.737000 583.474000 583.153000 582.837000 582.594000 582.379000 582.260000 582.355000 582.726000 583.638000 584.659000 587.128000 588.379000 589.602000 590.777000 591.822000 592.693000 593.355000 593.830000 594.117000 594.314000 594.474000 594.612000 594.764000 594.934000 595.103000 595.354000 595.624000 595.883000 596.113000 596.336000 596.631000 597.070000 597.684000 598.569000 599.761000 601.361000 603.243000 605.153000 606.978000 608.754000 610.518000 612.288000 614.072000 615.828000 617.572000 619.236000 620.821000 622.137000 623.349000 -9999.0 -9999.0 -9999.0 -9999.0 -9999.0 -9999.0 -9999.0
580.611000 581.099000 581.392000 581.335000 581.122000 580.805000 580.426000 580.074000 579.759000 579.503000 579.344000 579.372000 579.731000 580.535000 581.637000 584.068000 585.318000 586.542000 587.751000 588.825000 589.701000 590.387000 590.933000 591.215000 591.406000 591.560000 591.699000 591.845000 592.010000 592.184000 592.398000 592.665000 592.875000 593.098000 593.354000 593.777000 594.234000 594.818000 595.696000 596.857000 598.340000 600.126000 602.111000 603.932000 605.687000 607.404000 609.121000 610.826000 612.543000 614.211000 615.735000 617.300000 618.644000 619.952000 -9999.0 -9999.0 -9999.0 -9999.0 -9999.0 -9999.0 -9999.0
578.082000 578.615000 578.898000 578.828000 578.599000 578.263000 577.909000 577.525000 577.137000 576.823000 576.570000 576.453000 576.759000 577.549000 578.594000 581.023000 582.273000 583.513000 584.742000 585.872000 586.760000 587.466000 587.972000 588.272000 588.486000 588.642000 588.782000 588.929000 589.085000 589.261000 589.452000 589.642000 589.837000 590.044000 590.430000 590.940000 591.417000 591.960000 592.915000 594.078000 595.435000 597.238000 599.134000 600.926000 602.663000 604.321000 605.970000 607.638000 609.242000 610.837000 612.284000 613.562000 614.680000 -9999.0 -9999.0 -9999.0 -9999.0 -9999.0 -9999.0 -9999.0 -9999.0
575.559000 576.171000 576.399000 576.359000 576.146000 575.784000 575.394000 574.972000 574.510000 574.084000 573.723000 573.553000 573.827000 574.599000 575.587000 578.032000 579.254000 580.484000 581.710000 582.892000 583.815000 584.531000 584.989000 585.314000 585.539000 585.711000 585.862000 586.008000 586.156000 586.314000 586.477000 586.649000 586.801000 587.023000 587.298000 587.740000 588.330000 589.217000 590.424000 591.588000 592.968000 594.468000 596.302000 598.040000 599.659000 601.291000 602.864000 604.423000 605.987000 607.462000 608.727000 609.747000 610.604000 -9999.0 -9999.0 -9999.0 -9999.0 -9999.0 -9999.0 -9999.0 -9999.0
572.449000 573.090000 573.421000 573.453000 573.215000 572.835000 572.474000 572.077000 571.657000 571.243000 570.866000 570.730000 570.901000 571.591000 572.679000 575.076000 576.355000 577.569000 578.776000 579.940000 580.936000 581.667000 582.167000 582.460000 582.669000 582.833000 582.975000 583.107000 583.232000 583.367000 583.503000 583.654000 583.803000 584.017000 584.295000 584.573000 585.373000 586.587000 587.808000 589.049000 590.467000 591.979000 593.542000 595.138000 596.731000 598.235000 599.727000 601.172000 602.575000 603.984000 605.126000 605.910000 606.603000 -9999.0 -9999.0 -9999.0 -9999.0 -9999.0 -9999.0 -9999.0 -9999.0
568.872000 569.353000 569.762000 569.871000 569.836000 569.671000 569.377000 569.012000 568.616000 568.235000 567.836000 567.754000 568.010000 568.681000 569.846000 572.358000 573.577000 574.756000 575.906000 577.018000 578.028000 578.708000 579.285000 579.606000 579.811000 579.964000 580.096000 580.217000 580.323000 580.426000 580.529000 580.678000 580.826000 580.983000 581.401000 582.063000 582.725000 583.908000 585.171000 586.480000 587.863000 589.310000 590.841000 592.331000 593.766000 595.096000 596.516000 597.847000 599.047000 600.253000 601.185000 602.005000 602.523000 -9999.0 -9999.0 -9999.0 -9999.0 -9999.0 -9999.0 -9999.0 -9999.0
564.839000 565.179000 565.511000 565.712000 565.831000 565.811000 565.707000 565.534000 565.302000 565.015000 564.782000 564.715000 565.131000 565.900000 567.134000 569.683000 570.897000 572.032000 573.127000 574.126000 575.051000 575.775000 576.342000 576.753000 576.996000 577.158000 577.243000 577.344000 577.389000 577.419000 577.489000 577.552000 577.710000 578.052000 578.788000 579.581000 580.339000 581.153000 582.429000 583.758000 585.191000 586.637000 588.077000 589.505000 590.846000 592.150000 593.346000 594.437000 595.523000 596.533000 597.414000 598.126000 598.572000 -9999.0 -9999.0 -9999.0 -9999.0 -9999.0 -9999.0 -9999.0 -9999.0
562.095000 562.425000 562.641000 562.784000 562.849000 562.815000 562.736000 562.575000 562.309000 561.971000 561.636000 561.539000 562.140000 563.147000 564.455000 567.100000 568.301000 569.352000 570.313000 571.295000 572.126000 572.855000 573.405000 573.839000 574.106000 574.273000 574.338000 574.334000 574.321000 574.295000 574.348000 574.405000 574.608000 575.201000 575.813000 576.403000 577.203000 578.266000 579.653000 580.968000 582.411000 583.878000 585.287000 586.654000 587.946000 589.186000 590.301000 591.406000 592.333000 593.183000 593.862000 594.455000 594.824000 -9999.0 -9999.0 -9999.0 -9999.0 -9999.0 -9999.0 -9999.0 -9999.0
559.386000 559.719000 559.950000 560.087000 560.132000 560.084000 559.943000 559.700000 559.336000 558.908000 558.549000 558.528000 559.242000 560.334000 561.685000 564.536000 565.751000 566.791000 567.723000 568.534000 569.275000 569.860000 570.397000 570.807000 571.028000 571.122000 571.130000 571.011000 570.913000 570.811000 570.824000 570.928000 571.202000 571.716000 572.357000 573.025000 574.095000 575.283000 576.622000 578.080000 579.510000 580.902000 582.320000 583.684000 584.933000 586.131000 587.210000 588.234000 589.162000 590.085000 590.717000 591.311000 591.685000 -9999.0 -9999.0 -9999.0 -9999.0 -9999.0 -9999.0 -9999.0 -9999.0
556.695000 557.041000 557.270000 557.378000 557.377000 557.269000 557.056000 556.716000 556.290000 555.800000 555.554000 555.689000 556.324000 557.506000 558.888000 561.645000 562.953000 564.103000 565.108000 565.882000 566.539000 567.098000 567.502000 567.788000 567.949000 567.962000 567.829000 567.637000 567.465000 567.336000 567.318000 567.391000 567.629000 568.089000 568.768000 569.710000 570.800000 572.065000 573.580000 575.158000 576.683000 578.029000 579.319000 580.563000 581.862000 583.048000 584.040000 584.921000 585.705000 586.516000 587.210000 587.745000 -9999.0 -9999.0 -9999.0 -9999.0 -9999.0 -9999.0 -9999.0 -9999.0 -9999.0
553.950000 554.326000 554.595000 554.679000 554.630000 554.438000 554.099000 553.644000 553.160000 552.647000 552.398000 552.647000 553.423000 554.691000 556.067000 558.757000 559.999000 561.154000 562.143000 563.009000 563.694000 564.218000 564.586000 564.771000 564.789000 564.689000 564.495000 564.255000 564.036000 563.831000 563.773000 563.804000 564.038000 564.568000 565.247000 566.238000 567.385000 568.799000 570.442000 572.164000 573.736000 575.202000 576.544000 577.726000 578.892000 579.945000 581.103000 582.033000 582.818000 583.438000 583.865000 584.212000 -9999.0 -9999.0 -9999.0 -9999.0 -9999.0 -9999.0 -9999.0 -9999.0 -9999.0
551.073000 551.569000 551.905000 551.946000 551.832000 551.550000 551.099000 550.576000 550.004000 549.468000 549.282000 549.652000 550.545000 551.888000 553.265000 555.859000 557.061000 558.176000 559.187000 560.049000 560.729000 561.224000 561.511000 561.637000 561.602000 561.416000 561.163000 560.869000 560.576000 560.323000 560.178000 560.137000 560.412000 560.905000 561.825000 562.764000 563.951000 565.362000 567.161000 569.130000 570.975000 572.460000 573.773000 574.921000 576.078000 577.143000 578.168000 579.120000 580.042000 580.752000 581.280000 581.657000 -9999.0 -9999.0 -9999.0 -9999.0 -9999.0 -9999.0 -9999.0 -9999.0 -9999.0
