oms3_prj_geotop/oms3.prj.geotop/data/Sarno_sim_8_Gv1/input_maps/slope.asc
ncols         152
nrows         371
xllcorner     2486737.750000
yllcorner     4520235.500000
cellsize      5.000000
NODATA_value  -9999.0
[rows 58 to 86 of 371, columns 65 to 129 of 152]
0.318025 0.318034 0.300080 0.248342 0.217069 0.216232 0.216241 0.209275 0.207799 0.202137 0.181291 0.175939 0.148508 0.116355 0.103131 0.096873 0.081086 0.065264 0.078790 0.075605 0.070422 0.080286 0.085071 0.085071 0.085071 0.085071 0.085071 0.085071 0.003638 0.000000 0.000000 0.000000 0.000000 0.000000 0.000000 -9999.0 -9999.0 -9999.0 -9999.0 -9999.0 -9999.0 -9999.0 -9999.0 -9999.0 -9999.0 -9999.0 -9999.0 -9999.0 -9999.0 -9999.0 -9999.0 -9999.0 -9999.0 -9999.0 -9999.0 -9999.0 -9999.0 -9999.0 -9999.0 -9999.0 -9999.0 -9999.0 -9999.0 -9999.0 -9999.0
0.318034 0.297128 0.266891 0.223181 0.217984 0.216232 0.216241 0.210466 0.208800 0.208800 0.164779 0.140247 0.114827 0.110580 0.086507 0.085359 0.082752 0.083805 0.084009 0.060474 0.052351 0.053680 0.085071 0.085071 0.085071 0.085071 0.085071 0.058154 0.000000 0.000000 0.000000 0.000000 0.000000 0.000000 0.000000 0.000000 -9999.0 -9999.0 -9999.0 -9999.0 -9999.0 -9999.0 -9999.0 -9999.0 -9999.0 -9999.0 -9999.0 -9999.0 -9999.0 -9999.0 -9999.0 -9999.0 -9999.0 -9999.0 -9999.0 -9999.0 -9999.0 -9999.0 -9999.0 -9999.0 -9999.0 -9999.0 -9999.0 -9999.0 -9999.0
0.296643 0.241894 0.232580 0.212573 0.212814 0.218355 0.216707 0.212659 0.195913 0.171839 0.136501 0.122181 0.111047 0.103597 0.091461 0.102605 0.097581 0.086343 0.068701 0.057729 0.051997 0.047693 0.085071 0.085071 0.085071 0.085071 0.085071 0.027600 0.000000 0.000000 0.000000 0.000000 0.000000 0.000000 0.000000 0.000000 0.062585 -9999.0 -9999.0 -9999.0 -9999.0 -9999.0 -9999.0 -9999.0 -9999.0 -9999.0 -9999.0 -9999.0 -9999.0 -9999.0 -9999.0 -9999.0 -9999.0 -9999.0 -9999.0 -9999.0 -9999.0 -9999.0 -9999.0 -9999.0 -9999.0 -9999.0 -9999.0 -9999.0 -9999.0
0.272815 0.255945 0.232589 0.212573 0.207523 0.217285 0.215809 0.193229 0.170113 0.147256 0.129211 0.132583 0.133801 0.125842 0.111658 0.108118 0.075346 0.067992 0.059265 0.081970 0.076868 0.070422 0.080359 0.085071 0.085071 0.085071 0.082117 0.000000 0.000000 0.000000 0.000000 0.000000 0.000000 0.000000 0.000000 0.024939 0.084387 0.092721 0.092721 -9999.0 -9999.0 -9999.0 -9999.0 -9999.0 -9999.0 -9999.0 -9999.0 -9999.0 -9999.0 -9999.0 -9999.0 -9999.0 -9999.0 -9999.0 -9999.0 -9999.0 -9999.0 -9999.0 -9999.0 -9999.0 -9999.0 -9999.0 -9999.0 -9999.0 -9999.0
0.272803 0.273877 0.247205 0.212561 0.205382 0.207385 0.188896 0.177277 0.163403 0.140942 0.136562 0.141150 0.122485 0.117236 0.097632 0.095532 0.090259 0.086987 0.084338 0.083679 0.057056 0.058667 0.061157 0.085071 0.085071 0.085071 0.051563 0.000000 0.000000 0.000000 0.000000 0.000000 0.000000 0.000000 0.000000 0.071680 0.092721 0.092721 0.092721 0.092721 0.092721 -9999.0 -9999.0 -9999.0 -9999.0 -9999.0 -9999.0 -9999.0 -9999.0 -9999.0 -9999.0 -9999.0 -9999.0 -9999.0 -9999.0 -9999.0 -9999.0 -9999.0 -9999.0 -9999.0 -9999.0 -9999.0 -9999.0 -9999.0 -9999.0
0.285510 0.273865 0.267712 0.221423 0.203418 0.186584 0.181697 0.177277 0.153918 0.144373 0.153088 0.144324 0.119092 0.113000 0.114612 0.095667 0.108630 0.092688 0.083032 0.077527 0.068860 0.058740 0.050098 0.085071 0.085071 0.085071 0.021021 0.000000 0.000000 0.000000 0.000000 0.000000 0.000000 0.000000 0.034045 0.084387 0.092730 0.092730 0.092730 0.092730 0.092730 0.092730 -9999.0 -9999.0 -9999.0 -9999.0 -9999.0 -9999.0 -9999.0 -9999.0 -9999.0 -9999.0 -9999.0 -9999.0 -9999.0 -9999.0 -9999.0 -9999.0 -9999.0 -9999.0 -9999.0 -9999.0 -9999.0 -9999.0 -9999.0
0.238977 0.214893 0.210315 0.210046 0.202051 0.185999 0.187506 0.176611 0.153918 0.162048 0.157434 0.129211 0.129456 0.133801 0.125842 0.116736 0.107935 0.088525 0.079785 0.069556 0.084729 0.076880 0.070422 0.080408 0.085071 0.075537 0.000000 0.000000 0.000000 0.000000 0.000000 0.000000 0.000000 0.000000 0.080786 0.092721 0.092721 0.092721 0.092721 0.092721 0.092721 0.092721 0.092721 0.092721 -9999.0 -9999.0 -9999.0 -9999.0 -9999.0 -9999.0 -9999.0 -9999.0 -9999.0 -9999.0 -9999.0 -9999.0 -9999.0 -9999.0 -9999.0 -9999.0 -9999.0 -9999.0 -9999.0 -9999.0 -9999.0
0.211755 0.211243 0.210400 0.210046 0.202051 0.199609 0.191736 0.169312 0.167334 0.165552 0.149792 0.149170 0.146667 0.133801 0.125830 0.110706 0.106140 0.108826 0.100427 0.091772 0.083472 0.065710 0.069141 0.065466 0.085071 0.044983 0.000000 0.000000 0.000000 0.000000 0.000000 0.000000 0.000000 0.043140 0.090175 0.092721 0.092721 0.092721 0.092721 0.092721 0.092721 0.092721 0.092721 0.092721 0.089873 -9999.0 -9999.0 -9999.0 -9999.0 -9999.0 -9999.0 -9999.0 -9999.0 -9999.0 -9999.0 -9999.0 -9999.0 -9999.0 -9999.0 -9999.0 -9999.0 -9999.0 -9999.0 -9999.0 -9999.0
0.222668 0.214417 0.210364 0.210046 0.208594 0.204028 0.191724 0.176196 0.176611 0.165552 0.163892 0.189722 0.204028 0.211462 0.197205 0.187231 0.177832 0.177026 0.158984 0.125232 0.090425 0.084827 0.067993 0.061279 0.085071 0.014429 0.000000 0.000000 0.000000 0.000000 0.000000 0.000000 0.005493 0.084387 0.092721 0.092721 0.092721 0.092721 0.092721 0.092721 0.092721 0.092721 0.092721 0.074819 0.090540 0.023072 -9999.0 -9999.0 -9999.0 -9999.0 -9999.0 -9999.0 -9999.0 -9999.0 -9999.0 -9999.0 -9999.0 -9999.0 -9999.0 -9999.0 -9999.0 -9999.0 -9999.0 -9999.0 -9999.0
0.225647 0.214417 0.210352 0.210327 0.209875 0.204041 0.215188 0.261023 0.283582 0.318750 0.346216 0.341956 0.353040 0.362805 0.407349 0.422729 0.460706 0.482581 0.486328 0.476184 0.456287 0.381140 0.289502 0.215593 0.142069 0.005274 0.000000 0.000000 0.000000 0.000000 0.000000 0.000000 0.052246 0.092730 0.092730 0.092730 0.092730 0.092730 0.092730 0.092730 0.083857 0.055364 0.088928 0.090527 0.086835 0.011143 0.000000 0.000000 -9999.0 -9999.0 -9999.0 -9999.0 -9999.0 -9999.0 -9999.0 -9999.0 -9999.0 -9999.0 -9999.0 -9999.0 -9999.0 -9999.0 -9999.0 -9999.0 -9999.0
0.267261 0.282861 0.315979 0.367664 0.419592 0.460583 0.481006 0.434729 0.387561 0.369653 0.346216 0.341907 0.343604 0.362793 0.397559 0.449390 0.463831 0.465918 0.471313 0.475415 0.461975 0.458484 0.449500 0.441248 0.433887 0.312078 0.208006 0.098177 0.000000 0.000000 0.000000 0.014600 0.084387 0.092721 0.092721 0.092721 0.092721 0.085022 0.083339 0.056684 0.087061 0.092626 0.092946 0.091815 0.107043 0.031178 0.000000 0.000000 0.000000 0.000000 0.000000 0.000000 0.000000 -9999.0 -9999.0 -9999.0 -9999.0 -9999.0 -9999.0 -9999.0 -9999.0 -9999.0 -9999.0 -9999.0 -9999.0
0.471924 0.488879 0.509180 0.520496 0.524280 0.514563 0.477942 0.447583 0.424658 0.372278 0.347498 0.347961 0.340076 0.339404 0.331860 0.332007 0.325745 0.328833 0.332544 0.336804 0.363892 0.387134 0.409717 0.432080 0.422742 0.411682 0.401624 0.382167 0.262705 0.148249 0.041829 0.061340 0.092721 0.092721 0.086153 0.084280 0.083261 0.058808 0.085193 0.092557 0.092955 0.092955 0.091815 0.107043 0.101514 0.072670 0.000000 0.000000 0.000000 0.000000 0.000000 0.000000 0.000000 0.000000 0.000000 0.000000 0.043250 0.080957 0.080969 0.080969 0.080957 0.080969 0.080957 0.080969 0.080969
0.499402 0.527527 0.547388 0.535071 0.506982 0.496411 0.471667 0.442664 0.427197 0.409290 0.382935 0.366553 0.334741 0.328125 0.320789 0.320825 0.324207 0.324548 0.331616 0.341687 0.342725 0.344568 0.338574 0.333777 0.354736 0.381482 0.392078 0.396703 0.379120 0.358663 0.305406 0.220798 0.116579 0.083753 0.083261 0.072385 0.092557 0.092557 0.092937 0.092946 0.092946 0.091806 0.106433 0.110718 0.120075 0.120541 0.051177 0.000000 0.000000 0.000000 0.000000 0.000000 0.000000 0.000000 0.000000 0.000000 0.039929 0.080957 0.080969 0.080957 0.080969 0.080969 0.080957 0.080969 0.080969
0.693408 0.660095 0.608618 0.564246 0.526477 0.480469 0.455334 0.444910 0.427197 0.409094 0.383496 0.353406 0.336975 0.329309 0.320398 0.320764 0.320435 0.327405 0.339514 0.343347 0.344421 0.342432 0.336194 0.322302 0.319250 0.318725 0.327235 0.355608 0.375780 0.362556 0.355962 0.358180 0.283361 0.170441 0.092557 0.092557 0.092860 0.092955 0.092946 0.092946 0.091815 0.103906 0.110788 0.112255 0.117244 0.129751 0.109035 0.060793 0.015373 0.000000 0.000000 0.000000 0.000000 0.000000 0.000000 0.000000 0.036609 0.080957 0.080969 0.080957 0.080969 0.080969 0.080957 0.080969 0.080969
0.636511 0.607178 0.580713 0.550427 0.536804 0.506323 0.485266 0.476428 0.455225 0.432397 0.424170 0.401038 0.398572 0.382239 0.377649 0.390527 0.393909 0.386523 0.383704 0.375220 0.362073 0.337244 0.331689 0.322314 0.318345 0.320408 0.321564 0.322065 0.336549 0.343886 0.355625 0.361641 0.365128 0.339449 0.227082 0.115794 0.092946 0.092955 0.092955 0.092324 0.110788 0.110788 0.110788 0.117235 0.129743 0.128854 0.131581 0.130865 0.102786 0.049744 0.000000 0.000000 0.000000 0.000000 0.000000 0.000000 0.033289 0.080957 0.080969 0.080957 0.080969 0.080969 0.080957 0.080969 0.080969
0.598376 0.593958 0.578662 0.559290 0.529590 0.512354 0.493799 0.476672 0.471399 0.467078 0.462622 0.456531 0.449744 0.434119 0.429810 0.410901 0.397705 0.393774 0.383691 0.365857 0.347583 0.337720 0.317551 0.318025 0.320874 0.319968 0.322100 0.326260 0.331154 0.343299 0.363152 0.365292 0.368003 0.368616 0.365301 0.277664 0.168335 0.092946 0.103994 0.110788 0.110788 0.110788 0.117235 0.119954 0.129751 0.127032 0.126152 0.129613 0.140809 0.121983 0.013241 0.000000 0.000000 0.000000 0.000000 0.000000 0.029968 0.080957 0.080969 0.080957 0.080969 0.080969 0.080957 0.080969 0.080957
0.592334 0.552100 0.531238 0.514172 0.491296 0.485449 0.484229 0.478638 0.478748 0.477405 0.475220 0.469287 0.462366 0.462646 0.443628 0.421436 0.423022 0.401440 0.371667 0.368066 0.338806 0.320020 0.320209 0.319760 0.321029 0.321832 0.323135 0.328927 0.335108 0.341460 0.366622 0.372767 0.376436 0.372422 0.364144 0.364144 0.326942 0.222257 0.135888 0.110788 0.110788 0.117235 0.117235 0.129743 0.126532 0.131529 0.128880 0.129993 0.153929 0.166263 0.070771 0.000000 0.000000 0.000000 0.000000 0.000000 0.026648 0.080957 0.080969 0.080957 0.080969 0.080969 0.080957 0.080969 0.080957
0.566223 0.555322 0.528613 0.506628 0.494824 0.482568 0.479419 0.481323 0.484424 0.489001 0.495544 0.500073 0.498340 0.489954 0.471570 0.449316 0.418591 0.407178 0.377417 0.357373 0.358313 0.345630 0.340873 0.332820 0.320883 0.322100 0.321271 0.325198 0.334287 0.345284 0.369815 0.382262 0.385361 0.383419 0.371887 0.357092 0.357058 0.335461 0.272148 0.191235 0.117382 0.117235 0.126083 0.126704 0.126333 0.126005 0.131531 0.137641 0.166272 0.166263 0.111720 0.000000 0.000000 0.000000 0.000000 0.000000 0.023315 0.080969 0.080969 0.080957 0.080969 0.080969 0.080957 0.082397 0.078272
0.554639 0.537891 0.527124 0.523694 0.522156 0.520129 0.519116 0.520764 0.523267 0.527112 0.528210 0.526599 0.521277 0.504041 0.486267 0.467676 0.424146 0.385461 0.377747 0.357361 0.359631 0.364136 0.391699 0.395410 0.381960 0.346985 0.321841 0.325769 0.335142 0.351292 0.366613 0.394528 0.388330 0.395633 0.397704 0.402555 0.366276 0.337507 0.327952 0.328547 0.251492 0.177087 0.126713 0.125867 0.127973 0.126748 0.125195 0.156302 0.166263 0.177222 0.157996 0.027440 0.000000 0.000000 0.000000 0.000000 0.019995 0.080969 0.080969 0.080957 0.080969 0.080969 0.084839 0.064470 0.100293
0.595068 0.576733 0.557593 0.541638 0.528674 0.532507 0.542627 0.554407 0.563098 0.576025 0.586523 0.593335 0.594958 0.591370 0.578748 0.561523 0.549524 0.528748 0.501562 0.460803 0.406531 0.386377 0.391711 0.431018 0.460059 0.465271 0.427553 0.383687 0.344458 0.365283 0.383540 0.416780 0.437324 0.424221 0.414208 0.467233 0.448485 0.371956 0.329247 0.329247 0.326450 0.311552 0.244380 0.186211 0.126005 0.131543 0.129233 0.166263 0.187561 0.270337 0.284422 0.205296 0.046145 0.000000 0.000000 0.000000 0.016675 0.080969 0.080969 0.080957 0.082080 0.083425 0.068311 0.097642 0.083788
0.654102 0.659204 0.665222 0.673523 0.681470 0.675122 0.670642 0.667908 0.669214 0.666382 0.664185 0.661780 0.647180 0.637097 0.625073 0.593921 0.565112 0.541284 0.528345 0.543506 0.568396 0.585303 0.541748 0.497546 0.497791 0.507422 0.539954 0.550085 0.489758 0.449848 0.438601 0.430954 0.483911 0.497124 0.469339 0.482252 0.519368 0.504288 0.428131 0.355081 0.326510 0.342554 0.344238 0.357593 0.289964 0.225874 0.190406 0.276270 0.280396 0.279077 0.303904 0.337006 0.246616 0.157545 0.070314 0.000000 0.013354 0.080969 0.080969 0.083425 0.070728 0.098938 0.097201 0.081448 0.114722
0.672009 0.673975 0.677637 0.678748 0.684045 0.692761 0.699316 0.704578 0.707556 0.709497 0.709521 0.702197 0.699536 0.690796 0.676648 0.670935 0.657703 0.643567 0.632385 0.613928 0.603174 0.593811 0.595557 0.596814 0.598694 0.583264 0.562720 0.573486 0.568835 0.570972 0.561780 0.535107 0.513533 0.524316 0.535043 0.547309 0.553843 0.549898 0.531625 0.484289 0.400156 0.351689 0.372241 0.374036 0.403906 0.415430 0.402637 0.365527 0.323108 0.286960 0.333728 0.401147 0.399524 0.399536 0.368958 0.260892 0.176552 0.140860 0.083425 0.090581 0.098279 0.097210 0.105695 0.114966 0.114352
0.674316 0.675195 0.676904 0.683533 0.692383 0.698511 0.702612 0.705408 0.707812 0.706982 0.703174 0.700757 0.695276 0.688489 0.677039 0.658533 0.648633 0.647351 0.633679 0.630811 0.628784 0.616003 0.613159 0.608728 0.598511 0.594763 0.587891 0.584900 0.579871 0.574536 0.570325 0.567493 0.564209 0.554346 0.550873 0.557701 0.580359 0.603803 0.578184 0.530900 0.481855 0.464172 0.427222 0.423230 0.406909 0.418958 0.424707 0.425793 0.428284 0.429443 0.422595 0.412354 0.399451 0.390845 0.387805 0.385144 0.379175 0.354834 0.278484 0.203224 0.124210 0.114587 0.114352 0.110261 0.140222
0.672900 0.670166 0.668347 0.684155 0.690833 0.696851 0.698071 0.704224 0.706299 0.705554 0.698267 0.689355 0.686877 0.676440 0.660266 0.659985 0.650061 0.640503 0.634082 0.626855 0.619995 0.616028 0.613354 0.604492 0.599744 0.593713 0.588342 0.582104 0.577844 0.576257 0.571936 0.567273 0.564673 0.561487 0.562587 0.572306 0.584149 0.614135 0.650457 0.612012 0.544797 0.479993 0.466443 0.464648 0.464551 0.454102 0.444849 0.435400 0.428772 0.430261 0.431494 0.432690 0.433362 0.420581 0.404053 0.381689 0.379175 0.375122 0.373059 0.371924 0.321918 0.245209 0.175663 0.140344 0.142578
0.672473 0.679163 0.684937 0.676929 0.687292 0.700281 0.701147 0.705115 0.704163 0.698645 0.698267 0.689478 0.675562 0.662415 0.661511 0.649011 0.642603 0.636414 0.630078 0.626111 0.618372 0.611951 0.607141 0.603259 0.595642 0.589099 0.584644 0.582898 0.576025 0.571558 0.570813 0.568140 0.563110 0.560937 0.563200 0.570605 0.585081 0.602111 0.628187 0.641705 0.633548 0.582996 0.533032 0.478015 0.464551 0.463977 0.462439 0.459973 0.457458 0.447021 0.439307 0.433801 0.433362 0.433618 0.433337 0.432520 0.412842 0.392612 0.379448 0.371838 0.372759 0.368650 0.348935 0.279692 0.224916
0.677905 0.682129 0.685742 0.677234 0.684570 0.686853 0.702002 0.705396 0.703589 0.703577 0.691406 0.681592 0.670032 0.659180 0.653052 0.648340 0.640112 0.630481 0.626990 0.619873 0.616284 0.606934 0.603796 0.596423 0.592407 0.588794 0.581653 0.577832 0.575781 0.570764 0.566809 0.566797 0.566309 0.562595 0.564563 0.566842 0.580635 0.597778 0.613936 0.625373 0.630898 0.587627 0.563342 0.551367 0.537292 0.510022 0.481897 0.464441 0.456030 0.454895 0.452466 0.450330 0.444788 0.439417 0.434216 0.432507 0.431091 0.429297 0.420813 0.406422 0.390946 0.368167 0.359829 0.343628 0.337744
0.672058 0.670325 0.678076 0.700488 0.701050 0.705579 0.707202 0.702039 0.698437 0.686292 0.678320 0.670605 0.668188 0.658142 0.648962 0.643140 0.640222 0.631079 0.625061 0.619080 0.614783 0.609961 0.597656 0.593140 0.589795 0.584717 0.583179 0.578113 0.574536 0.572290 0.569055 0.566394 0.569434 0.574695 0.579114 0.581939 0.584718 0.582198 0.592884 0.606884 0.623401 0.622396 0.605530 0.588403 0.536353 0.524377 0.521643 0.513220 0.496497 0.478333 0.459509 0.450122 0.448730 0.447803 0.447974 0.444214 0.436511 0.430164 0.428186 0.429055 0.433189 0.414156 0.392672 0.346993 0.330005
0.679419 0.687195 0.695667 0.701379 0.702319 0.706311 0.717969 0.715625 0.706128 0.698303 0.682983 0.675464 0.662646 0.655054 0.648108 0.644397 0.643311 0.643945 0.637390 0.627014 0.614746 0.610327 0.604907 0.599341 0.592114 0.585730 0.583752 0.582080 0.578430 0.574182 0.567529 0.565637 0.562488 0.570361 0.586792 0.604919 0.619800 0.619288 0.611097 0.593220 0.599963 0.619580 0.618518 0.601050 0.575928 0.555786 0.524072 0.513867 0.508630 0.503516 0.501013 0.489111 0.471570 0.455676 0.448499 0.448328 0.453113 0.449976 0.442908 0.440207 0.436383 0.437980 0.443228 0.420811 0.377584
0.784021 0.779187 0.776013 0.769641 0.754236 0.745776 0.747510 0.737354 0.736169 0.713293 0.690820 0.678540 0.674463 0.675647 0.675171 0.671008 0.664563 0.659204 0.647168 0.641345 0.636035 0.628064 0.619409 0.604346 0.601501 0.602112 0.601843 0.591370 0.582678 0.583899 0.587292 0.579443 0.569544 0.558240 0.558374 0.572998 0.608667 0.651465 0.667859 0.651404 0.632003 0.616858 0.627222 0.619836 0.606873 0.559462 0.550574 0.529687 0.521179 0.508093 0.499536 0.494983 0.493115 0.491760 0.483606 0.470752 0.458130 0.457178 0.457751 0.462537 0.459524 0.456175 0.448018 0.443556 0.439063
