oms3_prj_geotop/oms3.prj.geotop/data/Sarno_sim_8_Gv1/input_maps/slope.asc
ncols         152
nrows         371
xllcorner     2486737.750000
yllcorner     4520235.500000
cellsize      5.000000
NODATA_value  -9999.0
[rows 116 to 144 of 371, columns 65 to 129 of 152]
0.545496 0.552869 0.557043 0.563074 0.563257 0.558252 0.555261 0.571899 0.558777 0.585291 0.625814 0.632483 0.599023 0.518396 0.474036 0.457288 0.470581 0.513208 0.530505 0.559558 0.577844 0.586572 0.594238 0.601343 0.602332 0.605811 0.610547 0.607385 0.611426 0.616052 0.620020 0.638953 0.692407 0.753052 0.831677 0.940710 0.867920 0.738500 0.625667 0.527525 0.563666 0.643215 0.715428 0.727754 0.718181 0.712778 0.696291 0.643716 0.601490 0.582802 0.559229 0.576978 0.585498 -9999.0 -9999.0 -9999.0 -9999.0 -9999.0 -9999.0 -9999.0 -9999.0 -9999.0 -9999.0 -9999.0 -9999.0
0.569287 0.578491 0.584680 0.590613 0.603345 0.605115 0.623767 0.623816 0.617151 0.605835 0.629199 0.629321 0.638672 0.635693 0.633728 0.621912 0.596729 0.577502 0.558667 0.580225 0.592004 0.600842 0.605457 0.608411 0.616125 0.627649 0.640564 0.655652 0.691504 0.719250 0.703430 0.691187 0.674597 0.654614 0.655249 0.648596 0.719910 0.845715 0.901965 0.798490 0.683888 0.610035 0.648256 0.698328 0.712079 0.704526 0.697845 0.677984 0.624631 0.558789 0.492575 0.471445 0.498022 -9999.0 -9999.0 -9999.0 -9999.0 -9999.0 -9999.0 -9999.0 -9999.0 -9999.0 -9999.0 -9999.0 -9999.0
0.570227 0.575696 0.584216 0.592676 0.595801 0.618054 0.633057 0.657458 0.660767 0.651123 0.642145 0.630005 0.617786 0.614038 0.609814 0.621069 0.626379 0.630237 0.655579 0.654419 0.652893 0.660181 0.660803 0.657727 0.659485 0.658691 0.656287 0.669263 0.675696 0.699609 0.760278 0.786707 0.793408 0.777942 0.732178 0.688818 0.626038 0.616975 0.655299 0.745630 0.778076 0.726390 0.689559 0.690620 0.707875 0.723075 0.713926 0.702584 0.698536 0.645442 0.533196 0.436944 -9999.0 -9999.0 -9999.0 -9999.0 -9999.0 -9999.0 -9999.0 -9999.0 -9999.0 -9999.0 -9999.0 -9999.0 -9999.0
0.570679 0.577368 0.588794 0.596765 0.597424 0.598425 0.581885 0.581885 0.628894 0.641675 0.657251 0.658008 0.638660 0.610889 0.589807 0.586255 0.577258 0.590845 0.611670 0.619543 0.626343 0.630090 0.638440 0.650623 0.653271 0.657617 0.656177 0.659290 0.660706 0.695874 0.730884 0.773706 0.792212 0.782202 0.753979 0.703955 0.681250 0.678760 0.670129 0.673659 0.696904 0.709515 0.711319 0.708643 0.718198 0.749851 0.750887 0.740321 0.734288 0.757084 0.749808 0.647065 -9999.0 -9999.0 -9999.0 -9999.0 -9999.0 -9999.0 -9999.0 -9999.0 -9999.0 -9999.0 -9999.0 -9999.0 -9999.0
0.559985 0.577368 0.583240 0.588696 0.599683 0.600244 0.601147 0.598083 0.614807 0.633240 0.634399 0.640479 0.644836 0.641406 0.630164 0.609863 0.594214 0.589490 0.598303 0.604517 0.608081 0.611523 0.618005 0.624988 0.622607 0.615015 0.619031 0.620972 0.620935 0.606311 0.616553 0.632837 0.669568 0.707715 0.718518 0.696497 0.690051 0.687686 0.693218 0.690094 0.687884 0.688523 0.696231 0.692882 0.690758 0.716101 0.764102 0.793890 0.787364 0.752233 0.785508 -9999.0 -9999.0 -9999.0 -9999.0 -9999.0 -9999.0 -9999.0 -9999.0 -9999.0 -9999.0 -9999.0 -9999.0 -9999.0 -9999.0
0.551575 0.562134 0.573804 0.587695 0.596851 0.600793 0.616370 0.625208 0.609985 0.622852 0.626831 0.629578 0.624976 0.626318 0.626770 0.619092 0.617896 0.606128 0.592493 0.587097 0.586267 0.586523 0.589197 0.590320 0.601282 0.604358 0.605859 0.609851 0.612708 0.602441 0.597729 0.595947 0.607141 0.621167 0.630493 0.647212 0.687599 0.695765 0.696861 0.694755 0.696343 0.694893 0.698423 0.698251 0.695307 0.686175 0.695212 0.733468 0.852283 0.849098 0.833207 -9999.0 -9999.0 -9999.0 -9999.0 -9999.0 -9999.0 -9999.0 -9999.0 -9999.0 -9999.0 -9999.0 -9999.0 -9999.0 -9999.0
0.538086 0.553125 0.570813 0.578442 0.591675 0.607837 0.606250 0.613281 0.599561 0.611365 0.615491 0.613757 0.617236 0.618323 0.616895 0.613147 0.608191 0.600134 0.588794 0.585669 0.584656 0.583582 0.583801 0.581116 0.580884 0.595593 0.596106 0.594397 0.591882 0.594568 0.586230 0.577478 0.569604 0.583252 0.609058 0.639966 0.682783 0.710620 0.704828 0.691630 0.690741 0.694202 0.700668 0.706011 0.706995 0.705976 0.693779 0.676188 0.691479 0.812048 -9999.0 -9999.0 -9999.0 -9999.0 -9999.0 -9999.0 -9999.0 -9999.0 -9999.0 -9999.0 -9999.0 -9999.0 -9999.0 -9999.0 -9999.0
0.533813 0.545374 0.552612 0.567065 0.575232 0.583069 0.596631 0.598987 0.620728 0.604395 0.609534 0.611938 0.612341 0.612000 0.605176 0.599414 0.598352 0.593506 0.579321 0.580481 0.581653 0.582690 0.582617 0.583862 0.584619 0.583655 0.591089 0.591919 0.601624 0.602893 0.596460 0.570642 0.567261 0.573157 0.574548 0.580652 0.636983 0.693357 0.710922 0.688307 0.681937 0.683223 0.690758 0.700176 0.707323 0.711190 0.710706 0.719295 0.698584 0.679309 -9999.0 -9999.0 -9999.0 -9999.0 -9999.0 -9999.0 -9999.0 -9999.0 -9999.0 -9999.0 -9999.0 -9999.0 -9999.0 -9999.0 -9999.0
0.508264 0.503479 0.509863 0.524365 0.535913 0.554858 0.583936 0.594360 0.597119 0.608643 0.607812 0.608984 0.608826 0.605701 0.601794 0.590601 0.588086 0.584192 0.592187 0.588525 0.583984 0.583569 0.583459 0.583203 0.585120 0.584680 0.589307 0.604602 0.607495 0.610791 0.584705 0.567480 0.563464 0.571643 0.556104 0.557459 0.602828 0.663336 0.689118 0.678450 0.673219 0.670422 0.678829 0.686771 0.693607 0.702722 0.692735 0.747607 0.792883 0.846924 -9999.0 -9999.0 -9999.0 -9999.0 -9999.0 -9999.0 -9999.0 -9999.0 -9999.0 -9999.0 -9999.0 -9999.0 -9999.0 -9999.0 -9999.0
0.495972 0.502954 0.510669 0.525391 0.547815 0.569336 0.579980 0.586450 0.589941 0.601379 0.599097 0.599427 0.603882 0.605798 0.606506 0.595850 0.589197 0.587000 0.596655 0.591638 0.589294 0.586255 0.583948 0.584070 0.585693 0.589282 0.594897 0.598523 0.607263 0.604321 0.626526 0.639966 0.617224 0.548474 0.522976 0.516658 0.544098 0.603881 0.659978 0.654005 0.653875 0.659270 0.661678 0.675195 0.681436 0.685847 0.711292 0.762891 0.815112 -9999.0 -9999.0 -9999.0 -9999.0 -9999.0 -9999.0 -9999.0 -9999.0 -9999.0 -9999.0 -9999.0 -9999.0 -9999.0 -9999.0 -9999.0 -9999.0
0.589795 0.583936 0.578918 0.570642 0.568323 0.571436 0.564514 0.585107 0.601758 0.581592 0.582739 0.591089 0.590821 0.583907 0.586755 0.590381 0.575684 0.572815 0.564441 0.570764 0.573999 0.575647 0.577307 0.580176 0.584888 0.589563 0.594861 0.599023 0.599500 0.601257 0.600513 0.633350 0.591455 0.543675 0.542622 0.534620 0.554197 0.565806 0.611382 0.636042 0.639314 0.644847 0.654609 0.664164 0.682373 0.695752 0.720251 0.767529 0.800256 -9999.0 -9999.0 -9999.0 -9999.0 -9999.0 -9999.0 -9999.0 -9999.0 -9999.0 -9999.0 -9999.0 -9999.0 -9999.0 -9999.0 -9999.0 -9999.0
0.632727 0.619409 0.612964 0.608203 0.601526 0.605945 0.595264 0.578235 0.582019 0.566626 0.569250 0.562319 0.565357 0.564572 0.574048 0.584375 0.581702 0.591809 0.576404 0.570898 0.571741 0.573706 0.575842 0.578125 0.581836 0.588049 0.594800 0.595190 0.595447 0.606714 0.578833 0.502063 0.529553 0.546169 0.551555 0.548439 0.563761 0.581956 0.598512 0.607722 0.622301 0.631985 0.654911 0.665051 0.705725 0.746204 0.788135 0.780945 0.815942 -9999.0 -9999.0 -9999.0 -9999.0 -9999.0 -9999.0 -9999.0 -9999.0 -9999.0 -9999.0 -9999.0 -9999.0 -9999.0 -9999.0 -9999.0 -9999.0
0.771960 0.734094 0.695544 0.662732 0.643933 0.610925 0.607825 0.575781 0.556177 0.558020 0.560886 0.556665 0.550684 0.545703 0.555640 0.578418 0.595337 0.586609 0.588452 0.570557 0.562976 0.561267 0.570667 0.574536 0.586707 0.601526 0.607971 0.625195 0.623279 0.586243 0.522620 0.496362 0.477332 0.550977 0.568309 0.572953 0.580653 0.582500 0.594627 0.601610 0.602603 0.600998 0.634009 0.681848 0.704724 0.743933 0.754248 0.775781 0.790198 -9999.0 -9999.0 -9999.0 -9999.0 -9999.0 -9999.0 -9999.0 -9999.0 -9999.0 -9999.0 -9999.0 -9999.0 -9999.0 -9999.0 -9999.0 -9999.0
0.599316 0.594104 0.591980 0.598535 0.608887 0.629187 0.635071 0.598254 0.550476 0.563804 0.560973 0.541171 0.536976 0.535974 0.562805 0.566345 0.584888 0.584119 0.587561 0.582739 0.577954 0.577026 0.580969 0.602075 0.613599 0.624683 0.628198 0.629431 0.620361 0.570239 0.594922 0.635742 0.627136 0.577258 0.588680 0.580515 0.597234 0.597631 0.593816 0.596535 0.592892 0.594524 0.608997 0.606323 0.638037 0.669934 0.710425 0.734143 0.749597 -9999.0 -9999.0 -9999.0 -9999.0 -9999.0 -9999.0 -9999.0 -9999.0 -9999.0 -9999.0 -9999.0 -9999.0 -9999.0 -9999.0 -9999.0 -9999.0
0.546143 0.558704 0.574927 0.594653 0.612585 0.617261 0.602271 0.579651 0.562683 0.582785 0.589837 0.562785 0.532462 0.512256 0.518042 0.552063 0.570288 0.598926 0.601465 0.606396 0.615649 0.630090 0.641541 0.664551 0.681750 0.696960 0.704871 0.695374 0.681116 0.696948 0.691235 0.675562 0.621680 0.596667 0.617959 0.614584 0.612469 0.617683 0.620177 0.612909 0.602776 0.611072 0.618164 0.634436 0.634241 0.619580 0.628918 0.628857 0.627942 -9999.0 -9999.0 -9999.0 -9999.0 -9999.0 -9999.0 -9999.0 -9999.0 -9999.0 -9999.0 -9999.0 -9999.0 -9999.0 -9999.0 -9999.0 -9999.0
0.562891 0.577417 0.596765 0.609180 0.621558 0.599146 0.567786 0.583606 0.567110 0.591114 0.598581 0.600273 0.580705 0.542725 0.522986 0.530554 0.547278 0.552502 0.579126 0.603882 0.615662 0.632141 0.660181 0.674780 0.689502 0.694971 0.701233 0.707336 0.714734 0.725342 0.717688 0.662866 0.658850 0.643555 0.644432 0.636405 0.615542 0.596630 0.606876 0.624084 0.617933 0.616602 0.634070 0.662561 0.691309 0.713892 0.701538 0.713257 0.706262 -9999.0 -9999.0 -9999.0 -9999.0 -9999.0 -9999.0 -9999.0 -9999.0 -9999.0 -9999.0 -9999.0 -9999.0 -9999.0 -9999.0 -9999.0 -9999.0
0.566260 0.591272 0.614343 0.625952 0.630579 0.631165 0.608386 0.580139 0.577347 0.593600 0.597485 0.593712 0.593445 0.589807 0.593030 0.574438 0.569006 0.575940 0.583203 0.603284 0.632031 0.654626 0.666943 0.676465 0.685840 0.701038 0.708911 0.717505 0.718115 0.704187 0.704321 0.694568 0.683142 0.661954 0.676136 0.666969 0.639081 0.607126 0.582258 0.568439 0.593909 0.620569 0.587390 0.577515 0.577515 0.615564 0.669019 0.706519 -9999.0 -9999.0 -9999.0 -9999.0 -9999.0 -9999.0 -9999.0 -9999.0 -9999.0 -9999.0 -9999.0 -9999.0 -9999.0 -9999.0 -9999.0 -9999.0 -9999.0
0.577686 0.600037 0.613684 0.631238 0.635840 0.623181 0.599011 0.575537 0.586237 0.590968 0.591313 0.589949 0.587463 0.595679 0.591187 0.592065 0.592908 0.598706 0.614893 0.626880 0.637415 0.654590 0.666345 0.677075 0.692029 0.701562 0.719019 0.733252 0.725317 0.732617 0.684436 0.694678 0.686829 0.687402 0.718414 0.707573 0.651303 0.597795 0.577606 0.560999 0.562781 0.560510 0.586926 0.582739 0.555176 0.537158 0.516858 0.510974 -9999.0 -9999.0 -9999.0 -9999.0 -9999.0 -9999.0 -9999.0 -9999.0 -9999.0 -9999.0 -9999.0 -9999.0 -9999.0 -9999.0 -9999.0 -9999.0 -9999.0
0.597546 0.611658 0.631409 0.638660 0.632642 0.635999 0.618335 0.563588 0.584874 0.579557 0.580886 0.576915 0.584656 0.591577 0.584253 0.576038 0.581799 0.582324 0.593311 0.618066 0.645581 0.644006 0.665833 0.677307 0.692822 0.697742 0.724146 0.733838 0.739771 0.727197 0.707947 0.694568 0.658899 0.620324 0.632995 0.710318 0.697828 0.614756 0.570407 0.543896 0.551147 0.567456 0.573450 0.577747 0.584302 0.576221 0.557043 0.550232 -9999.0 -9999.0 -9999.0 -9999.0 -9999.0 -9999.0 -9999.0 -9999.0 -9999.0 -9999.0 -9999.0 -9999.0 -9999.0 -9999.0 -9999.0 -9999.0 -9999.0
0.614893 0.631519 0.638867 0.645496 0.651526 0.636572 0.573950 0.574395 0.581058 0.551184 0.555794 0.570020 0.575061 0.578967 0.582471 0.578015 0.565552 0.571216 0.572925 0.598462 0.617578 0.651208 0.659851 0.675012 0.685583 0.703674 0.723389 0.735913 0.754675 0.767407 0.729333 0.658044 0.696887 0.656586 0.574654 0.622214 0.654393 0.625002 0.574930 0.539929 0.553552 0.554224 0.562708 0.576086 0.585156 0.594214 0.600647 0.609216 -9999.0 -9999.0 -9999.0 -9999.0 -9999.0 -9999.0 -9999.0 -9999.0 -9999.0 -9999.0 -9999.0 -9999.0 -9999.0 -9999.0 -9999.0 -9999.0 -9999.0
0.625452 0.640796 0.648083 0.656213 0.657275 0.646863 0.597937 0.616267 0.615214 0.560230 0.531694 0.538245 0.556653 0.571753 0.582214 0.581165 0.574084 0.587939 0.612573 0.616309 0.642334 0.655518 0.664136 0.675598 0.682910 0.698572 0.704944 0.751233 0.814221 0.749451 0.737744 0.720978 0.743135 0.742151 0.669542 0.622818 0.603423 0.590562 0.572012 0.535364 0.540955 0.547717 0.567847 0.568225 0.583191 0.580847 0.590356 0.599719 -9999.0 -9999.0 -9999.0 -9999.0 -9999.0 -9999.0 -9999.0 -9999.0 -9999.0 -9999.0 -9999.0 -9999.0 -9999.0 -9999.0 -9999.0 -9999.0 -9999.0
0.632629 0.635535 0.617993 0.614429 0.629639 0.644080 0.672644 0.691941 0.637484 0.589526 0.547706 0.538196 0.540186 0.543311 0.551953 0.575183 0.586963 0.598132 0.616235 0.623413 0.622290 0.625073 0.626965 0.625562 0.634473 0.659436 0.705481 0.761292 0.758569 0.651864 0.588499 0.670949 0.725233 0.729566 0.717448 0.683568 0.639512 0.587955 0.569552 0.548999 0.543079 0.562439 0.563098 0.572925 0.581177 0.591980 0.595276 0.599060 -9999.0 -9999.0 -9999.0 -9999.0 -9999.0 -9999.0 -9999.0 -9999.0 -9999.0 -9999.0 -9999.0 -9999.0 -9999.0 -9999.0 -9999.0 -9999.0 -9999.0
0.644482 0.617371 0.615845 0.605664 0.566028 0.538257 0.585205 0.702661 0.707573 0.610182 0.549518 0.530080 0.531604 0.538855 0.560706 0.574292 0.602917 0.605994 0.608472 0.608459 0.599109 0.598535 0.599451 0.607397 0.624841 0.653784 0.690601 0.688147 0.621826 0.681928 0.627264 0.599979 0.668972 0.734150 0.731586 0.710568 0.734858 0.682204 0.601343 0.573560 0.600317 0.587708 0.578699 0.590588 0.592261 0.587415 0.618555 0.615613 -9999.0 -9999.0 -9999.0 -9999.0 -9999.0 -9999.0 -9999.0 -9999.0 -9999.0 -9999.0 -9999.0 -9999.0 -9999.0 -9999.0 -9999.0 -9999.0 -9999.0
0.886145 0.814966 0.704114 0.610193 0.511255 0.451038 0.433679 0.546532 0.666149 0.661782 0.582534 0.544106 0.520642 0.525061 0.530591 0.551941 0.576221 0.599060 0.596289 0.596021 0.588452 0.580212 0.589319 0.604736 0.640442 0.679248 0.658167 0.643848 0.582874 0.688379 0.743895 0.669602 0.669464 0.721789 0.733805 0.664967 0.668118 0.693460 0.662188 0.592288 0.580615 0.607129 0.633899 0.632410 0.626831 0.646045 0.642212 0.638123 -9999.0 -9999.0 -9999.0 -9999.0 -9999.0 -9999.0 -9999.0 -9999.0 -9999.0 -9999.0 -9999.0 -9999.0 -9999.0 -9999.0 -9999.0 -9999.0 -9999.0
0.714026 0.658667 0.646167 0.592139 0.568945 0.511328 0.481421 0.516036 0.596613 0.652537 0.617769 0.567153 0.555432 0.541931 0.541003 0.553198 0.568701 0.579456 0.583521 0.584912 0.580042 0.586316 0.599622 0.658545 0.703760 0.708484 0.681799 0.594214 0.560132 0.553567 0.689343 0.696507 0.683896 0.713477 0.767529 0.720874 0.636690 0.607247 0.626401 0.595042 0.549084 0.582361 0.602661 0.613489 0.643542 0.663770 0.667065 0.687427 -9999.0 -9999.0 -9999.0 -9999.0 -9999.0 -9999.0 -9999.0 -9999.0 -9999.0 -9999.0 -9999.0 -9999.0 -9999.0 -9999.0 -9999.0 -9999.0 -9999.0
0.590100 0.583630 0.580115 0.583545 0.577271 0.579749 0.560425 0.551099 0.582871 0.634888 0.667496 0.616983 0.572556 0.570959 0.573633 0.570752 0.572522 0.569385 0.575769 0.573938 0.597522 0.627979 0.670264 0.693066 0.697791 0.685181 0.668347 0.634619 0.613721 0.597579 0.646210 0.669499 0.664026 0.638217 0.681989 0.750671 0.737887 0.650966 0.626245 0.631683 0.561829 0.569519 0.586450 0.603845 0.595605 0.574597 0.582812 0.542700 -9999.0 -9999.0 -9999.0 -9999.0 -9999.0 -9999.0 -9999.0 -9999.0 -9999.0 -9999.0 -9999.0 -9999.0 -9999.0 -9999.0 -9999.0 -9999.0 -9999.0
0.612512 0.560376 0.521252 0.468823 0.470825 0.498047 0.524670 0.530460 0.524996 0.516692 0.591711 0.636584 0.632727 0.614014 0.608655 0.592554 0.577686 0.573340 0.574658 0.574438 0.581702 0.595447 0.616187 0.635815 0.655872 0.692810 0.736438 0.736755 0.688672 0.686060 0.737387 0.735272 0.680418 0.655679 0.606073 0.630622 0.683050 0.704258 0.653392 0.633435 0.599011 0.543201 0.512244 0.505505 0.529883 0.538757 0.500464 0.492712 -9999.0 -9999.0 -9999.0 -9999.0 -9999.0 -9999.0 -9999.0 -9999.0 -9999.0 -9999.0 -9999.0 -9999.0 -9999.0 -9999.0 -9999.0 -9999.0 -9999.0
0.670459 0.594324 0.499048 0.482886 0.449072 0.451428 0.437755 0.494345 0.527568 0.492731 0.480180 0.507056 0.575806 0.629260 0.649133 0.656262 0.642773 0.626685 0.604187 0.591296 0.570715 0.571765 0.689688 0.779268 0.877869 0.933777 0.964539 0.987292 0.973633 0.889166 0.900387 0.862149 0.784231 0.669127 0.615179 0.590018 0.572798 0.609923 0.621774 0.559314 0.573267 0.533899 0.504785 0.488599 0.463452 0.449829 0.449329 0.449768 -9999.0 -9999.0 -9999.0 -9999.0 -9999.0 -9999.0 -9999.0 -9999.0 -9999.0 -9999.0 -9999.0 -9999.0 -9999.0 -9999.0 -9999.0 -9999.0 -9999.0
0.789380 0.828333 0.836438 0.771082 0.625488 0.571875 0.532971 0.493913 0.533058 0.511366 0.488415 0.503455 0.509973 0.513892 0.518591 0.536316 0.563513 0.577295 0.603711 0.632373 0.667211 0.826509 0.962341 0.895911 0.841138 0.829260 0.830920 0.836548 0.841016 0.866396 0.943882 0.949329 0.953558 0.849029 0.661065 0.597968 0.577701 0.570502 0.585504 0.554810 0.546289 0.539502 0.505408 0.494409 0.475220 0.457068 0.451428 0.462305 -9999.0 -9999.0 -9999.0 -9999.0 -9999.0 -9999.0 -9999.0 -9999.0 -9999.0 -9999.0 -9999.0 -9999.0 -9999.0 -9999.0 -9999.0 -9999.0 -9999.0
