oms3_prj_geotop/oms3.prj.geotop/data/Sarno_sim_8_Gv1/input_maps/slope.asc
ncols         152
nrows         371
xllcorner     2486737.750000
yllcorner     4520235.500000
cellsize      5.000000
NODATA_value  -9999.0
[rows 58 to 86 of 371, columns 0 to 64 of 152]
-9999.0 -9999.0 -9999.0 -9999.0 -9999.0 -9999.0 -9999.0 -9999.0 -9999.0 -9999.0 -9999.0 -9999.0 -9999.0 -9999.0 -9999.0 -9999.0 -9999.0 -9999.0 -9999.0 -9999.0 -9999.0 -9999.0 -9999.0 -9999.0 -9999.0 -9999.0 -9999.0 -9999.0 -9999.0 -9999.0 -9999.0 0.675769 0.663257 0.670642 0.641077 0.611963 0.569019 0.563586 0.571899 0.597351 0.610950 0.605823 0.563269 0.499695 0.520044 0.510535 0.532227 0.521973 0.492163 0.453943 0.441846 0.436926 0.430457 0.461890 0.435168 0.420751 0.387528 0.388788 0.395776 0.378344 0.360095 0.321012 0.323981 0.325354 0.332138
-9999.0 -9999.0 -9999.0 -9999.0 -9999.0 -9999.0 -9999.0 -9999.0 -9999.0 -9999.0 -9999.0 -9999.0 -9999.0 -9999.0 -9999.0 -9999.0 -9999.0 -9999.0 -9999.0 -9999.0 -9999.0 -9999.0 -9999.0 -9999.0 -9999.0 -9999.0 -9999.0 -9999.0 -9999.0 -9999.0 -9999.0 0.718018 0.708435 0.681201 0.668555 0.650623 0.649951 0.645398 0.640173 0.633386 0.628735 0.619141 0.605225 0.607141 0.596545 0.584119 0.572998 0.554138 0.529138 0.536487 0.520264 0.514917 0.502368 0.482764 0.465820 0.451062 0.441821 0.446094 0.418054 0.408081 0.363879 0.350653 0.349367 0.345673 0.335945
-9999.0 -9999.0 -9999.0 -9999.0 -9999.0 -9999.0 -9999.0 -9999.0 -9999.0 -9999.0 -9999.0 -9999.0 -9999.0 -9999.0 -9999.0 -9999.0 -9999.0 -9999.0 -9999.0 -9999.0 -9999.0 -9999.0 -9999.0 -9999.0 -9999.0 -9999.0 -9999.0 -9999.0 -9999.0 -9999.0 -9999.0 0.689648 0.683777 0.678113 0.669580 0.666589 0.655383 0.646533 0.641760 0.635474 0.630554 0.624976 0.620508 0.614233 0.607690 0.608911 0.606250 0.595276 0.589966 0.554382 0.537061 0.505908 0.492761 0.478113 0.470654 0.465076 0.460400 0.443298 0.403735 0.370740 0.354370 0.352954 0.354097 0.351361 0.338603
-9999.0 -9999.0 -9999.0 -9999.0 -9999.0 -9999.0 -9999.0 -9999.0 -9999.0 -9999.0 -9999.0 -9999.0 -9999.0 -9999.0 -9999.0 -9999.0 -9999.0 -9999.0 -9999.0 -9999.0 -9999.0 -9999.0 -9999.0 -9999.0 -9999.0 -9999.0 -9999.0 -9999.0 -9999.0 -9999.0 -9999.0 -9999.0 0.684216 0.675635 0.673450 0.665710 0.659363 0.653833 0.642322 0.637512 0.628015 0.624988 0.621741 0.618445 0.615466 0.607654 0.593787 0.555408 0.522534 0.504126 0.485486 0.481433 0.483191 0.477588 0.475476 0.446741 0.402539 0.367651 0.352783 0.351086 0.351648 0.352454 0.348608 0.330896 0.296317
-9999.0 -9999.0 -9999.0 -9999.0 -9999.0 -9999.0 -9999.0 -9999.0 -9999.0 -9999.0 -9999.0 -9999.0 -9999.0 -9999.0 -9999.0 -9999.0 -9999.0 -9999.0 -9999.0 -9999.0 -9999.0 -9999.0 -9999.0 -9999.0 -9999.0 -9999.0 -9999.0 -9999.0 -9999.0 -9999.0 -9999.0 -9999.0 0.685242 0.683777 0.676855 0.665979 0.661060 0.648792 0.643567 0.636401 0.632861 0.625696 0.618237 0.614893 0.607434 0.593909 0.574597 0.561792 0.539172 0.499683 0.487512 0.478418 0.462817 0.451453 0.425867 0.403662 0.395618 0.376294 0.359949 0.354126 0.343518 0.323291 0.308203 0.299170 0.299915
-9999.0 -9999.0 -9999.0 -9999.0 -9999.0 -9999.0 -9999.0 -9999.0 -9999.0 -9999.0 -9999.0 -9999.0 -9999.0 -9999.0 -9999.0 -9999.0 -9999.0 -9999.0 -9999.0 -9999.0 -9999.0 -9999.0 -9999.0 -9999.0 -9999.0 -9999.0 -9999.0 -9999.0 -9999.0 -9999.0 -9999.0 -9999.0 0.691699 0.686792 0.676379 0.672485 0.661353 0.654907 0.646289 0.635168 0.631567 0.623657 0.619617 0.606311 0.581128 0.569934 0.525500 0.492358 0.482898 0.471704 0.468604 0.457166 0.447229 0.440527 0.430542 0.425745 0.380933 0.328772 0.296118 0.259140 0.284267 0.299194 0.306761 0.299170 0.299524
-9999.0 -9999.0 -9999.0 -9999.0 -9999.0 -9999.0 -9999.0 -9999.0 -9999.0 -9999.0 -9999.0 -9999.0 -9999.0 -9999.0 -9999.0 -9999.0 -9999.0 -9999.0 -9999.0 -9999.0 -9999.0 -9999.0 -9999.0 -9999.0 -9999.0 -9999.0 -9999.0 -9999.0 -9999.0 -9999.0 -9999.0 -9999.0 0.696594 0.692493 0.686035 0.678833 0.669006 0.659265 0.649158 0.642920 0.622009 0.616931 0.604102 0.586902 0.575330 0.541907 0.516052 0.503809 0.479456 0.474316 0.468347 0.439563 0.408191 0.355493 0.306445 0.256567 0.244983 0.245007 0.239490 0.238476 0.284716 0.287279 0.306951 0.295862 0.271777
-9999.0 -9999.0 -9999.0 -9999.0 -9999.0 -9999.0 -9999.0 -9999.0 -9999.0 -9999.0 -9999.0 -9999.0 -9999.0 -9999.0 -9999.0 -9999.0 -9999.0 -9999.0 -9999.0 -9999.0 -9999.0 -9999.0 -9999.0 -9999.0 -9999.0 -9999.0 -9999.0 -9999.0 -9999.0 -9999.0 -9999.0 -9999.0 0.695435 0.689868 0.685596 0.676819 0.667651 0.656543 0.648816 0.635254 0.628784 0.584412 0.537036 0.485840 0.434119 0.387732 0.373022 0.333496 0.312720 0.301343 0.274463 0.272864 0.267944 0.248840 0.247498 0.246655 0.243433 0.245007 0.245007 0.239465 0.284716 0.304819 0.289880 0.250452 0.230603
-9999.0 -9999.0 -9999.0 -9999.0 -9999.0 -9999.0 -9999.0 -9999.0 -9999.0 -9999.0 -9999.0 -9999.0 -9999.0 -9999.0 -9999.0 -9999.0 -9999.0 -9999.0 -9999.0 -9999.0 -9999.0 -9999.0 -9999.0 -9999.0 -9999.0 -9999.0 -9999.0 -9999.0 -9999.0 -9999.0 -9999.0 -9999.0 0.688574 0.680786 0.669458 0.652917 0.640198 0.586719 0.498926 0.438806 0.401587 0.392078 0.384766 0.362671 0.349805 0.337488 0.318762 0.304346 0.300684 0.289172 0.282861 0.272864 0.267847 0.260840 0.247498 0.246851 0.245459 0.245007 0.245007 0.244312 0.351542 0.354313 0.293799 0.249719 0.230603
-9999.0 -9999.0 -9999.0 -9999.0 -9999.0 -9999.0 -9999.0 -9999.0 -9999.0 -9999.0 -9999.0 -9999.0 -9999.0 -9999.0 -9999.0 -9999.0 -9999.0 -9999.0 -9999.0 -9999.0 -9999.0 -9999.0 -9999.0 -9999.0 -9999.0 -9999.0 -9999.0 -9999.0 -9999.0 -9999.0 -9999.0 -9999.0 0.634583 0.627905 0.621191 0.613354 0.591040 0.526196 0.432532 0.409399 0.397815 0.391650 0.384363 0.377441 0.361975 0.339514 0.318750 0.315698 0.300696 0.289160 0.287305 0.273584 0.267847 0.267847 0.247754 0.246851 0.281997 0.347485 0.407227 0.477295 0.469080 0.353430 0.293811 0.249719 0.232178
-9999.0 -9999.0 -9999.0 -9999.0 -9999.0 -9999.0 -9999.0 -9999.0 -9999.0 -9999.0 -9999.0 -9999.0 -9999.0 -9999.0 -9999.0 -9999.0 -9999.0 -9999.0 -9999.0 -9999.0 -9999.0 -9999.0 -9999.0 -9999.0 -9999.0 -9999.0 -9999.0 -9999.0 -9999.0 -9999.0 -9999.0 -9999.0 0.511609 0.499243 0.483923 0.484558 0.466028 0.498193 0.498560 0.498108 0.527209 0.557739 0.581482 0.598865 0.593408 0.590991 0.573608 0.580640 0.539832 0.537366 0.534668 0.534082 0.547461 0.591223 0.627759 0.633997 0.692041 0.627124 0.591211 0.532629 0.526025 0.410327 0.313782 0.313428 0.277209
-9999.0 -9999.0 -9999.0 -9999.0 -9999.0 -9999.0 -9999.0 -9999.0 -9999.0 -9999.0 -9999.0 -9999.0 -9999.0 -9999.0 -9999.0 -9999.0 -9999.0 -9999.0 -9999.0 -9999.0 -9999.0 -9999.0 -9999.0 -9999.0 -9999.0 -9999.0 -9999.0 -9999.0 -9999.0 -9999.0 -9999.0 -9999.0 0.400549 0.406812 0.415002 0.420422 0.435742 0.484570 0.605151 0.664526 0.676355 0.671460 0.663037 0.660400 0.664807 0.669946 0.692688 0.704858 0.751685 0.772644 0.780090 0.796057 0.780054 0.731567 0.710706 0.693994 0.589368 0.583313 0.549060 0.530762 0.515637 0.502209 0.496997 0.487146 0.476587
-9999.0 -9999.0 -9999.0 -9999.0 -9999.0 -9999.0 -9999.0 -9999.0 -9999.0 -9999.0 -9999.0 -9999.0 -9999.0 -9999.0 -9999.0 -9999.0 -9999.0 -9999.0 -9999.0 -9999.0 -9999.0 -9999.0 -9999.0 -9999.0 -9999.0 -9999.0 -9999.0 -9999.0 -9999.0 -9999.0 -9999.0 -9999.0 -9999.0 0.442249 0.480664 0.510449 0.557349 0.599695 0.655200 0.672632 0.670044 0.670654 0.676062 0.695935 0.711145 0.713989 0.705566 0.690515 0.668469 0.651392 0.636938 0.614758 0.608020 0.602820 0.587463 0.576270 0.573499 0.555396 0.547473 0.535937 0.526868 0.521973 0.503369 0.494873 0.483728
-9999.0 -9999.0 -9999.0 -9999.0 -9999.0 -9999.0 -9999.0 -9999.0 -9999.0 -9999.0 -9999.0 -9999.0 -9999.0 -9999.0 -9999.0 -9999.0 -9999.0 -9999.0 -9999.0 -9999.0 -9999.0 -9999.0 -9999.0 -9999.0 -9999.0 -9999.0 -9999.0 -9999.0 -9999.0 -9999.0 -9999.0 -9999.0 -9999.0 0.677490 0.677832 0.677222 0.676611 0.674927 0.673254 0.672534 0.669495 0.665247 0.662488 0.659521 0.672961 0.688672 0.723315 0.748389 0.759216 0.755481 0.751782 0.728857 0.709399 0.708398 0.694263 0.699011 0.707349 0.713867 0.724170 0.723315 0.706140 0.694653 0.686511 0.688733 0.704749
-9999.0 -9999.0 -9999.0 -9999.0 -9999.0 -9999.0 -9999.0 -9999.0 -9999.0 -9999.0 -9999.0 -9999.0 -9999.0 -9999.0 -9999.0 -9999.0 -9999.0 -9999.0 -9999.0 -9999.0 -9999.0 -9999.0 -9999.0 -9999.0 -9999.0 -9999.0 -9999.0 -9999.0 -9999.0 -9999.0 -9999.0 -9999.0 -9999.0 0.677295 0.676782 0.676440 0.675354 0.674536 0.673474 0.670349 0.665100 0.661536 0.658643 0.662695 0.674072 0.698376 0.718262 0.731555 0.756543 0.758765 0.748633 0.749731 0.732886 0.717151 0.718665 0.707739 0.703992 0.692676 0.677429 0.663074 0.651550 0.637195 0.631226 0.630676 0.637744
-9999.0 -9999.0 -9999.0 -9999.0 -9999.0 -9999.0 -9999.0 -9999.0 -9999.0 -9999.0 -9999.0 -9999.0 -9999.0 -9999.0 -9999.0 -9999.0 -9999.0 -9999.0 -9999.0 -9999.0 -9999.0 -9999.0 -9999.0 -9999.0 -9999.0 -9999.0 -9999.0 -9999.0 -9999.0 -9999.0 -9999.0 -9999.0 -9999.0 0.679114 0.678162 0.677527 0.674670 0.673499 0.671912 0.668237 0.668335 0.670154 0.677271 0.684424 0.686743 0.691687 0.692615 0.700049 0.697742 0.694885 0.696008 0.692944 0.692078 0.681555 0.676196 0.669995 0.658594 0.648706 0.632043 0.617249 0.613147 0.601721 0.598718 0.596338 0.597009
-9999.0 -9999.0 -9999.0 -9999.0 -9999.0 -9999.0 -9999.0 -9999.0 -9999.0 -9999.0 -9999.0 -9999.0 -9999.0 -9999.0 -9999.0 -9999.0 -9999.0 -9999.0 -9999.0 -9999.0 -9999.0 -9999.0 -9999.0 -9999.0 -9999.0 -9999.0 -9999.0 -9999.0 -9999.0 -9999.0 -9999.0 -9999.0 -9999.0 0.683081 0.681873 0.678503 0.677222 0.672925 0.670288 0.670642 0.669983 0.670117 0.666638 0.660449 0.651074 0.639319 0.622546 0.611584 0.607727 0.606775 0.610352 0.616394 0.622681 0.631287 0.630212 0.629224 0.624097 0.616724 0.612476 0.611218 0.610352 0.612170 0.613928 0.610779 0.603235
-9999.0 -9999.0 -9999.0 -9999.0 -9999.0 -9999.0 -9999.0 -9999.0 -9999.0 -9999.0 -9999.0 -9999.0 -9999.0 -9999.0 -9999.0 -9999.0 -9999.0 -9999.0 -9999.0 -9999.0 -9999.0 -9999.0 -9999.0 -9999.0 -9999.0 -9999.0 -9999.0 -9999.0 -9999.0 -9999.0 -9999.0 -9999.0 -9999.0 0.672046 0.670947 0.671411 0.672168 0.673010 0.673303 0.673352 0.673022 0.668188 0.663831 0.649841 0.637390 0.630066 0.618909 0.605286 0.600793 0.603943 0.607373 0.617957 0.618152 0.626233 0.627722 0.625110 0.618518 0.614087 0.611804 0.610120 0.612708 0.614636 0.616040 0.611194 0.591333
-9999.0 -9999.0 -9999.0 -9999.0 -9999.0 -9999.0 -9999.0 -9999.0 -9999.0 -9999.0 -9999.0 -9999.0 -9999.0 -9999.0 -9999.0 -9999.0 -9999.0 -9999.0 -9999.0 -9999.0 -9999.0 -9999.0 -9999.0 -9999.0 -9999.0 -9999.0 -9999.0 -9999.0 -9999.0 -9999.0 -9999.0 -9999.0 -9999.0 0.644543 0.633948 0.611658 0.592456 0.580896 0.593713 0.625281 0.636450 0.652148 0.655298 0.640198 0.624707 0.606458 0.599341 0.596387 0.597131 0.604126 0.612720 0.620972 0.629639 0.628467 0.626917 0.618994 0.613672 0.609741 0.608521 0.610388 0.613538 0.615637 0.614880 0.597339 0.574329
-9999.0 -9999.0 -9999.0 -9999.0 -9999.0 -9999.0 -9999.0 -9999.0 -9999.0 -9999.0 -9999.0 -9999.0 -9999.0 -9999.0 -9999.0 -9999.0 -9999.0 -9999.0 -9999.0 -9999.0 -9999.0 -9999.0 -9999.0 -9999.0 -9999.0 -9999.0 -9999.0 -9999.0 -9999.0 -9999.0 -9999.0 -9999.0 -9999.0 0.597107 0.558667 0.536060 0.530103 0.547766 0.565100 0.583838 0.600159 0.594775 0.582739 0.585522 0.579871 0.591394 0.609363 0.621301 0.629688 0.636414 0.651416 0.664624 0.678931 0.691235 0.693274 0.696167 0.696619 0.694788 0.689795 0.685474 0.678735 0.661841 0.646216 0.637878 0.620935
-9999.0 -9999.0 -9999.0 -9999.0 -9999.0 -9999.0 -9999.0 -9999.0 -9999.0 -9999.0 -9999.0 -9999.0 -9999.0 -9999.0 -9999.0 -9999.0 -9999.0 -9999.0 -9999.0 -9999.0 -9999.0 -9999.0 -9999.0 -9999.0 -9999.0 -9999.0 -9999.0 -9999.0 -9999.0 -9999.0 -9999.0 -9999.0 -9999.0 0.638110 0.625354 0.624329 0.635095 0.638538 0.638989 0.606201 0.572644 0.556116 0.550366 0.559436 0.582092 0.601294 0.613806 0.630115 0.649341 0.668176 0.679858 0.694250 0.710815 0.717871 0.733447 0.740405 0.740344 0.738708 0.730481 0.714758 0.702197 0.691333 0.671045 0.657410 0.654150
-9999.0 -9999.0 -9999.0 -9999.0 -9999.0 -9999.0 -9999.0 -9999.0 -9999.0 -9999.0 -9999.0 -9999.0 -9999.0 -9999.0 -9999.0 -9999.0 -9999.0 -9999.0 -9999.0 -9999.0 -9999.0 -9999.0 -9999.0 -9999.0 -9999.0 -9999.0 -9999.0 -9999.0 -9999.0 -9999.0 -9999.0 -9999.0 -9999.0 0.663025 0.681055 0.693787 0.695728 0.683875 0.658459 0.644800 0.650952 0.655005 0.666309 0.675635 0.685889 0.686450 0.687463 0.690491 0.693469 0.699780 0.709949 0.720312 0.737427 0.754358 0.760779 0.765259 0.762463 0.750708 0.741931 0.724304 0.701404 0.687610 0.677429 0.673181 0.673730
-9999.0 -9999.0 -9999.0 -9999.0 -9999.0 -9999.0 -9999.0 -9999.0 -9999.0 -9999.0 -9999.0 -9999.0 -9999.0 -9999.0 -9999.0 -9999.0 -9999.0 -9999.0 -9999.0 -9999.0 -9999.0 -9999.0 -9999.0 -9999.0 -9999.0 -9999.0 -9999.0 -9999.0 -9999.0 -9999.0 -9999.0 -9999.0 -9999.0 0.683582 0.694055 0.699402 0.697949 0.696057 0.689221 0.687622 0.688416 0.693726 0.696753 0.697693 0.699792 0.699207 0.697546 0.697937 0.698486 0.705298 0.714661 0.733105 0.744568 0.760437 0.771875 0.759155 0.748950 0.726343 0.705042 0.692688 0.681812 0.675549 0.674976 0.673181 0.673267
-9999.0 -9999.0 -9999.0 -9999.0 -9999.0 -9999.0 -9999.0 -9999.0 -9999.0 -9999.0 -9999.0 -9999.0 -9999.0 -9999.0 -9999.0 -9999.0 -9999.0 -9999.0 -9999.0 -9999.0 -9999.0 -9999.0 -9999.0 -9999.0 -9999.0 -9999.0 -9999.0 -9999.0 -9999.0 -9999.0 -9999.0 -9999.0 -9999.0 0.674927 0.682031 0.691870 0.693359 0.696521 0.705090 0.711401 0.717969 0.719128 0.718542 0.716797 0.709741 0.704980 0.701575 0.700122 0.706042 0.711023 0.728394 0.742188 0.763708 0.771851 0.769348 0.755615 0.716882 0.706372 0.687659 0.678296 0.675476 0.673938 0.672156 0.673035 0.672632
-9999.0 -9999.0 -9999.0 -9999.0 -9999.0 -9999.0 -9999.0 -9999.0 -9999.0 -9999.0 -9999.0 -9999.0 -9999.0 -9999.0 -9999.0 -9999.0 -9999.0 -9999.0 -9999.0 -9999.0 -9999.0 -9999.0 -9999.0 -9999.0 -9999.0 -9999.0 -9999.0 -9999.0 -9999.0 -9999.0 -9999.0 -9999.0 -9999.0 0.674158 0.681335 0.687854 0.694470 0.698865 0.698865 0.698914 0.696484 0.693103 0.691650 0.692859 0.693506 0.694971 0.695813 0.698120 0.702539 0.714795 0.725146 0.745117 0.760889 0.768152 0.744836 0.725488 0.709070 0.685962 0.678088 0.675269 0.673657 0.671863 0.672754 0.671460 0.672620
-9999.0 -9999.0 -9999.0 -9999.0 -9999.0 -9999.0 -9999.0 -9999.0 -9999.0 -9999.0 -9999.0 -9999.0 -9999.0 -9999.0 -9999.0 -9999.0 -9999.0 -9999.0 -9999.0 -9999.0 -9999.0 -9999.0 -9999.0 -9999.0 -9999.0 -9999.0 -9999.0 -9999.0 -9999.0 -9999.0 -9999.0 -9999.0 -9999.0 0.682361 0.687683 0.692200 0.693604 0.694202 0.696301 0.693604 0.691345 0.691675 0.692944 0.694153 0.696912 0.698499 0.703564 0.710791 0.724146 0.741565 0.756409 0.765723 0.776904 0.759412 0.724731 0.690149 0.675867 0.668115 0.668713 0.668738 0.671790 0.674133 0.673572 0.673584 0.673083
-9999.0 -9999.0 -9999.0 -9999.0 -9999.0 -9999.0 -9999.0 -9999.0 -9999.0 -9999.0 -9999.0 -9999.0 -9999.0 -9999.0 -9999.0 -9999.0 -9999.0 -9999.0 -9999.0 -9999.0 -9999.0 -9999.0 -9999.0 -9999.0 -9999.0 -9999.0 -9999.0 -9999.0 -9999.0 -9999.0 -9999.0 -9999.0 -9999.0 0.686084 0.692688 0.694067 0.699011 0.697412 0.693152 0.690906 0.690063 0.691895 0.695300 0.695911 0.696326 0.699976 0.706787 0.713635 0.718506 0.724597 0.740588 0.747937 0.741882 0.721057 0.672803 0.669702 0.661853 0.663940 0.668176 0.671143 0.672046 0.673047 0.673389 0.674231 0.673584
-9999.0 -9999.0 -9999.0 -9999.0 -9999.0 -9999.0 -9999.0 -9999.0 -9999.0 -9999.0 -9999.0 -9999.0 -9999.0 -9999.0 -9999.0 -9999.0 -9999.0 -9999.0 -9999.0 -9999.0 -9999.0 -9999.0 -9999.0 -9999.0 -9999.0 -9999.0 -9999.0 -9999.0 -9999.0 -9999.0 -9999.0 -9999.0 -9999.0 0.688232 0.688123 0.696350 0.695056 0.697302 0.699731 0.702209 0.705969 0.705554 0.702148 0.703235 0.698901 0.698535 0.698767 0.703833 0.705798 0.698962 0.682532 0.637256 0.602319 0.587329 0.612256 0.628638 0.646533 0.661987 0.669775 0.673340 0.672559 0.671973 0.672522 0.672864 0.673975
-9999.0 -9999.0 -9999.0 -9999.0 -9999.0 -9999.0 -9999.0 -9999.0 -9999.0 -9999.0 -9999.0 -9999.0 -9999.0 -9999.0 -9999.0 -9999.0 -9999.0 -9999.0 -9999.0 -9999.0 -9999.0 -9999.0 -9999.0 -9999.0 -9999.0 -9999.0 -9999.0 -9999.0 -9999.0 -9999.0 -9999.0 -9999.0 -9999.0 0.672852 0.680640 0.683801 0.690930 0.693811 0.693359 0.694690 0.696167 0.696533 0.696741 0.692480 0.692065 0.686462 0.679004 0.665613 0.646155 0.625952 0.592810 0.559314 0.526221 0.515955 0.543079 0.576807 0.611621 0.642798 0.668604 0.702026 0.726086 0.751575 0.756335 0.766980 0.787939
