oms3_prj_geotop/oms3.prj.geotop/data/Sarno_sim_8_Gv1/input_maps/slope.asc
ncols         152
nrows         371
xllcorner     2486737.750000
yllcorner     4520235.500000
cellsize      5.000000
NODATA_value  -9999.0
[rows 87 to 115 of 371, columns 65 to 129 of 152]
0.808105 0.828369 0.833691 0.830078 0.828979 0.814038 0.785950 0.786475 0.791296 0.811780 0.836267 0.826538 0.804333 0.773645 0.742529 0.712659 0.690454 0.686353 0.685278 0.679199 0.666589 0.651758 0.648254 0.653882 0.651794 0.631616 0.614026 0.619299 0.620691 0.611328 0.602283 0.602527 0.617468 0.605615 0.586365 0.567947 0.570044 0.594519 0.632483 0.680237 0.699658 0.691956 0.664978 0.656140 0.659485 0.655884 0.616492 0.568301 0.521143 0.516040 0.512195 0.506653 0.499829 0.493408 0.491687 0.491235 0.493213 0.485608 0.474683 0.467233 0.470691 0.476038 0.475036 0.464211 0.448139
0.667896 0.665247 0.663843 0.662891 0.665161 0.671399 0.689014 0.707214 0.732190 0.798157 0.842249 0.895862 0.919275 0.925024 0.861133 0.798108 0.776550 0.735706 0.718433 0.702539 0.700220 0.701929 0.694580 0.684558 0.672681 0.666003 0.662964 0.651648 0.642456 0.638928 0.644080 0.646899 0.639746 0.649133 0.659448 0.670679 0.648169 0.618103 0.622217 0.631165 0.656787 0.686145 0.696606 0.694336 0.681897 0.671069 0.658301 0.650098 0.632910 0.576050 0.533533 0.508020 0.505078 0.503674 0.496631 0.493933 0.492749 0.495654 0.497925 0.496460 0.484070 0.479938 0.480164 0.479956 0.479032
0.654370 0.656958 0.658643 0.660217 0.661389 0.664587 0.660693 0.664832 0.682104 0.670435 0.689954 0.728271 0.778259 0.826941 0.908325 0.896863 0.788782 0.756750 0.729224 0.728503 0.727185 0.723938 0.715381 0.698279 0.684143 0.682178 0.671362 0.664819 0.662195 0.662451 0.660754 0.662817 0.666003 0.675732 0.681287 0.686597 0.694531 0.702747 0.700574 0.680383 0.671021 0.668127 0.675806 0.685144 0.684827 0.677405 0.670557 0.662891 0.638818 0.623364 0.607629 0.575232 0.544995 0.509718 0.494714 0.492334 0.484131 0.480151 0.488623 0.497095 0.495117 0.491695 0.487370 0.482718 0.480387
0.652246 0.653003 0.653735 0.655420 0.656714 0.655530 0.651221 0.647302 0.628430 0.616846 0.603223 0.575586 0.573511 0.562000 0.572144 0.615967 0.706860 0.720105 0.706921 0.693604 0.687256 0.704297 0.726306 0.727393 0.710730 0.692285 0.675708 0.667029 0.664722 0.664563 0.666455 0.670886 0.677039 0.680225 0.686133 0.693201 0.697864 0.701794 0.706201 0.711279 0.711328 0.710120 0.700244 0.688391 0.681360 0.675464 0.670459 0.657373 0.652686 0.643811 0.618822 0.602405 0.576477 0.569617 0.551465 0.516640 0.493775 0.473975 0.466321 0.462848 0.471716 0.483508 0.487318 0.484686 0.481414
0.652002 0.648523 0.645569 0.642322 0.639514 0.638538 0.635925 0.632483 0.623193 0.616199 0.610059 0.598889 0.587622 0.586182 0.581067 0.599561 0.606458 0.613916 0.632861 0.643921 0.657422 0.652075 0.646484 0.665845 0.684338 0.694604 0.686780 0.670605 0.665613 0.664319 0.663306 0.667920 0.672668 0.682117 0.687781 0.690686 0.696204 0.701929 0.704773 0.707397 0.707861 0.707935 0.707605 0.702844 0.691016 0.679871 0.665105 0.657251 0.649841 0.642179 0.634057 0.619892 0.605615 0.582854 0.558651 0.558557 0.558887 0.528932 0.504029 0.475251 0.457720 0.458187 0.464496 0.469762 0.475165
0.651880 0.648718 0.646985 0.644910 0.640857 0.638550 0.633240 0.626123 0.623206 0.611047 0.603894 0.600964 0.591895 0.593970 0.590283 0.600171 0.610022 0.615686 0.619409 0.620007 0.618945 0.621753 0.629614 0.634875 0.641699 0.643176 0.660071 0.669812 0.667383 0.665759 0.666345 0.668152 0.674219 0.678369 0.684717 0.691602 0.697107 0.700903 0.703674 0.707080 0.709265 0.705310 0.699561 0.694739 0.689392 0.679667 0.674453 0.663698 0.652848 0.645157 0.634955 0.626349 0.603518 0.592366 0.578797 0.556006 0.554749 0.554492 0.559134 0.543226 0.509485 0.475182 0.455960 0.454432 0.458109
0.649426 0.649377 0.649146 0.648865 0.645862 0.636902 0.632153 0.624719 0.615491 0.605225 0.594006 0.585437 0.578101 0.573267 0.579871 0.596582 0.611768 0.617822 0.620483 0.621167 0.619067 0.616406 0.615759 0.616394 0.621338 0.638525 0.651453 0.661597 0.667920 0.674377 0.672900 0.675171 0.677991 0.684521 0.689404 0.693311 0.697192 0.700281 0.703979 0.709277 0.713000 0.715747 0.710974 0.697522 0.688540 0.685847 0.681721 0.671242 0.657751 0.648903 0.636793 0.630302 0.612504 0.600143 0.586928 0.562103 0.544391 0.539229 0.544374 0.548508 0.553549 0.536364 0.507732 0.479602 0.453102
0.646350 0.652356 0.662012 0.667712 0.670337 0.673999 0.668469 0.658899 0.649609 0.634119 0.624023 0.605396 0.593018 0.582153 0.582959 0.588367 0.599255 0.613416 0.622644 0.621228 0.618335 0.615710 0.614038 0.615942 0.622595 0.627100 0.631372 0.643250 0.665149 0.679919 0.694482 0.697729 0.691309 0.689014 0.690198 0.692554 0.693262 0.694800 0.699170 0.709692 0.713892 0.717590 0.717065 0.704993 0.703024 0.696619 0.688385 0.676188 0.665053 0.654954 0.644648 0.639840 0.623371 0.607221 0.588861 0.573031 0.554300 0.535915 0.535371 0.537486 0.544538 0.542199 0.537028 0.530727 0.502976
0.651904 0.641699 0.642932 0.634167 0.633337 0.636670 0.630713 0.636304 0.630884 0.636279 0.628113 0.628699 0.625232 0.632251 0.636133 0.643713 0.645715 0.632874 0.623511 0.624841 0.623718 0.618738 0.614038 0.612988 0.615112 0.620642 0.629407 0.637744 0.640833 0.649683 0.667883 0.680945 0.697778 0.700684 0.704211 0.704749 0.697485 0.687085 0.674573 0.667468 0.673999 0.691565 0.723718 0.715928 0.718440 0.712752 0.693477 0.680418 0.666072 0.654652 0.647289 0.636914 0.633979 0.626867 0.606427 0.581827 0.560455 0.540740 0.535198 0.536329 0.537667 0.537995 0.538263 0.533714 -9999.0
0.648328 0.644470 0.623193 0.614990 0.604590 0.591040 0.586121 0.576917 0.568091 0.559863 0.552429 0.557153 0.568713 0.581592 0.601746 0.622449 0.669043 0.666809 0.656396 0.646179 0.632361 0.618237 0.614917 0.612585 0.613708 0.620154 0.628040 0.635962 0.645508 0.652710 0.656543 0.664661 0.668311 0.676843 0.686267 0.696228 0.714209 0.715271 0.705908 0.678430 0.646021 0.630676 0.631006 0.660779 0.692373 0.723766 0.702929 0.677051 0.659305 0.645787 0.640384 0.637691 0.631398 0.626703 0.619668 0.610613 0.585417 0.555612 0.535440 0.535267 0.539212 0.543338 0.540749 0.541370 -9999.0
0.652222 0.652173 0.651892 0.651050 0.648584 0.642407 0.640747 0.634192 0.624133 0.606128 0.591235 0.568518 0.549231 0.549133 0.547717 0.547168 0.532092 0.569824 0.606067 0.642651 0.661292 0.666711 0.649524 0.628687 0.612268 0.615735 0.625574 0.633826 0.646008 0.651636 0.651636 0.651038 0.649426 0.655713 0.660901 0.657397 0.655249 0.677490 0.705859 0.714832 0.720129 0.699988 0.665051 0.692383 0.719299 0.761141 0.758474 0.688523 0.666158 0.643681 0.629499 0.624174 0.625399 0.623052 0.615982 0.611183 0.598615 0.579289 0.560843 0.547637 0.542803 0.552056 0.559229 -9999.0 -9999.0
0.650403 0.653394 0.654028 0.654114 0.654590 0.656165 0.659460 0.662732 0.675476 0.689600 0.697961 0.701501 0.699170 0.663379 0.626294 0.587988 0.552222 0.548450 0.555811 0.549231 0.569983 0.607288 0.648547 0.662036 0.656299 0.646558 0.639062 0.637268 0.638684 0.640918 0.642773 0.639185 0.638977 0.629761 0.623291 0.631323 0.653162 0.671985 0.692358 0.687219 0.693774 0.706531 0.718201 0.679956 0.701111 0.766418 0.853906 0.828969 0.716610 0.645589 0.626375 0.618969 0.613565 0.612892 0.611373 0.610864 0.604174 0.583959 0.571356 0.566514 0.564701 0.559151 -9999.0 -9999.0 -9999.0
0.653003 0.654431 0.656287 0.657227 0.658057 0.659814 0.662964 0.667798 0.673291 0.687415 0.695837 0.701233 0.694885 0.687158 0.661475 0.634058 0.617444 0.593030 0.575720 0.560364 0.542029 0.538770 0.545251 0.569592 0.620911 0.635437 0.627148 0.622351 0.617651 0.628687 0.635962 0.633618 0.629480 0.625354 0.621826 0.625977 0.631909 0.640491 0.662573 0.690833 0.686194 0.664697 0.645097 0.645235 0.630535 0.624864 0.679926 0.781417 0.797308 0.705147 0.637941 0.616647 0.612348 0.608309 0.604942 0.601844 0.601257 0.593876 0.578132 0.568215 0.568879 0.572789 -9999.0 -9999.0 -9999.0
0.657129 0.657434 0.657605 0.657788 0.657764 0.658130 0.661230 0.664478 0.676514 0.681177 0.697327 0.699500 0.687488 0.678320 0.663611 0.626636 0.612244 0.600452 0.583691 0.580078 0.575696 0.560693 0.553284 0.566858 0.575452 0.592651 0.605920 0.621570 0.616223 0.618530 0.625452 0.627417 0.636707 0.627258 0.620374 0.625476 0.628735 0.652673 0.662903 0.685413 0.674182 0.660125 0.653418 0.623880 0.618399 0.614256 0.634730 0.668601 0.719476 0.719338 0.674539 0.627592 0.610536 0.607074 0.605616 0.596682 0.588413 0.583872 0.576682 0.571486 0.569760 -9999.0 -9999.0 -9999.0 -9999.0
0.657434 0.657788 0.656799 0.655725 0.655286 0.655493 0.656299 0.662708 0.669336 0.682983 0.691516 0.709180 0.721167 0.701855 0.672876 0.650073 0.614270 0.611707 0.606335 0.598682 0.584302 0.572571 0.573608 0.574451 0.585510 0.608386 0.640308 0.653394 0.659595 0.645105 0.630969 0.637683 0.648047 0.665161 0.674390 0.660266 0.639441 0.649097 0.665454 0.626331 0.618295 0.639383 0.638925 0.620557 0.611079 0.608982 0.620402 0.658372 0.686279 0.690456 0.680849 0.650837 0.626901 0.612624 0.609241 0.604174 0.593359 0.579513 0.570200 0.563752 0.571216 -9999.0 -9999.0 -9999.0 -9999.0
0.657458 0.657275 0.656116 0.653601 0.651257 0.647681 0.642859 0.633435 0.624744 0.610962 0.608801 0.599939 0.612964 0.631982 0.658459 0.656836 0.652661 0.611560 0.609509 0.612231 0.616626 0.613623 0.601404 0.598853 0.588794 0.604358 0.616638 0.633728 0.644458 0.645569 0.630261 0.615637 0.583032 0.587866 0.629907 0.666895 0.660815 0.631458 0.559277 0.575928 0.589517 0.620315 0.630138 0.616224 0.607834 0.605866 0.614851 0.634644 0.664786 0.677060 0.675152 0.648774 0.629646 0.612659 0.604537 0.603630 0.603043 0.589578 0.575077 0.560360 -9999.0 -9999.0 -9999.0 -9999.0 -9999.0
0.653784 0.649597 0.646777 0.644446 0.639954 0.626672 0.620215 0.616565 0.605432 0.593799 0.568359 0.572412 0.564282 0.560840 0.560352 0.579651 0.583960 0.606201 0.591614 0.572827 0.587695 0.614758 0.646704 0.651721 0.662244 0.650256 0.648254 0.640198 0.626160 0.617847 0.612085 0.593896 0.581213 0.549609 0.528394 0.505054 0.538562 0.526111 0.530273 0.518884 0.544149 0.577925 0.613298 0.619970 0.612305 0.607834 0.613893 0.626988 0.648705 0.662360 0.670638 0.660150 0.642853 0.618736 0.594809 0.585814 0.581361 0.587101 0.585046 0.574585 -9999.0 -9999.0 -9999.0 -9999.0 -9999.0
0.657581 0.652344 0.645569 0.640515 0.631909 0.628259 0.610425 0.586292 0.562891 0.542114 0.514331 0.493762 0.484973 0.496069 0.521912 0.549353 0.548828 0.546130 0.560754 0.568433 0.600330 0.617761 0.617700 0.645435 0.655310 0.666260 0.675879 0.675208 0.668042 0.647131 0.618604 0.593264 0.583850 0.568933 0.521629 0.507837 0.490967 0.492676 0.486973 0.505713 0.524193 0.573782 0.613401 0.630440 0.615594 0.609267 0.617812 0.629206 0.640306 0.655092 0.662524 0.658726 0.645563 0.624424 0.597053 0.577873 0.564020 0.558081 0.561853 -9999.0 -9999.0 -9999.0 -9999.0 -9999.0 -9999.0
0.653247 0.654517 0.647668 0.640381 0.636060 0.630139 0.624097 0.609583 0.589917 0.560278 0.539160 0.498865 0.477417 0.469312 0.468994 0.480554 0.506873 0.539905 0.561145 0.600696 0.604114 0.613086 0.636182 0.644824 0.660681 0.664087 0.666516 0.670178 0.667163 0.664258 0.653198 0.640552 0.616776 0.590985 0.548931 0.499841 0.478259 0.479028 0.486395 0.492316 0.474846 0.505238 0.569293 0.655852 0.654479 0.633487 0.614463 0.633159 0.643034 0.653815 0.662964 0.664889 0.662662 0.641187 0.605115 0.568974 0.550269 0.539963 0.547524 -9999.0 -9999.0 -9999.0 -9999.0 -9999.0 -9999.0
0.502966 0.515125 0.531653 0.545569 0.556763 0.564612 0.571753 0.586877 0.594482 0.581445 0.563733 0.553589 0.531152 0.507434 0.482678 0.478027 0.496289 0.509204 0.535132 0.564746 0.588892 0.620618 0.627979 0.630652 0.632971 0.641406 0.654199 0.675989 0.673621 0.669653 0.670593 0.659839 0.656344 0.659952 0.643966 0.575362 0.494077 0.452533 0.486101 0.523269 0.492213 0.470305 0.480862 0.557364 0.640246 0.686632 0.666676 0.649896 0.647859 0.661488 0.666426 0.666417 0.667919 0.670414 0.649439 0.602042 0.536554 0.506127 -9999.0 -9999.0 -9999.0 -9999.0 -9999.0 -9999.0 -9999.0
0.504041 0.509851 0.516382 0.515283 0.510596 0.504834 0.495850 0.482397 0.475818 0.491321 0.513611 0.528015 0.541272 0.538245 0.536487 0.531726 0.523914 0.526904 0.526526 0.531287 0.533826 0.533289 0.549963 0.572266 0.593494 0.620789 0.652478 0.673169 0.701550 0.707324 0.712280 0.703564 0.719348 0.712976 0.713900 0.711742 0.658951 0.577390 0.502338 0.533273 0.546549 0.542458 0.507439 0.502053 0.537192 0.613764 0.682550 0.711768 0.693400 0.681635 0.692070 0.683042 0.685320 0.693849 0.688877 0.682714 0.627575 0.556311 -9999.0 -9999.0 -9999.0 -9999.0 -9999.0 -9999.0 -9999.0
0.605164 0.600146 0.595508 0.596606 0.579309 0.596692 0.588538 0.539575 0.475854 0.475439 0.477515 0.484167 0.494836 0.510559 0.527673 0.534973 0.530371 0.513721 0.499780 0.511987 0.516016 0.526208 0.531201 0.532129 0.535779 0.541663 0.542822 0.572095 0.648840 0.694922 0.760461 0.787244 0.774609 0.759546 0.769995 0.761609 0.758439 0.750869 0.697905 0.658217 0.612581 0.609595 0.606220 0.585435 0.557641 0.547930 0.586082 0.653444 0.721401 0.734573 0.733969 0.730015 0.723300 0.736489 0.723188 0.712269 0.718017 -9999.0 -9999.0 -9999.0 -9999.0 -9999.0 -9999.0 -9999.0 -9999.0
0.572791 0.576331 0.585034 0.597375 0.642358 0.660376 0.728052 0.834265 0.961023 0.919189 0.735425 0.608533 0.511366 0.504504 0.513733 0.534363 0.527527 0.512219 0.497192 0.493750 0.489807 0.486096 0.504114 0.514429 0.532922 0.541772 0.557446 0.560474 0.572083 0.603894 0.650012 0.734314 0.802112 0.816125 0.802930 0.787427 0.782910 0.769479 0.751550 0.739605 0.725294 0.689162 0.666650 0.648791 0.638243 0.611148 0.585892 0.571348 0.611813 0.677215 0.730240 0.734961 0.723913 0.770135 0.776022 0.754218 0.761055 -9999.0 -9999.0 -9999.0 -9999.0 -9999.0 -9999.0 -9999.0 -9999.0
0.527161 0.528052 0.531897 0.538635 0.542175 0.553638 0.556274 0.556982 0.556958 0.614526 0.751624 0.875867 0.844421 0.693175 0.574533 0.548083 0.571387 0.601843 0.622424 0.582288 0.541614 0.512793 0.503015 0.523169 0.528540 0.544836 0.555103 0.557715 0.558655 0.600195 0.623108 0.679431 0.759924 0.818884 0.832751 0.819336 0.805327 0.784792 0.756256 0.741090 0.731034 0.722540 0.713822 0.697034 0.675662 0.660729 0.650699 0.626651 0.605175 0.594722 0.639987 0.695376 0.691155 0.704949 0.760876 0.791467 -9999.0 -9999.0 -9999.0 -9999.0 -9999.0 -9999.0 -9999.0 -9999.0 -9999.0
0.528650 0.530920 0.531689 0.540613 0.548840 0.553772 0.545801 0.543176 0.520215 0.499951 0.482458 0.459326 0.519739 0.637195 0.635913 0.568965 0.558276 0.537158 0.581946 0.630334 0.646387 0.627490 0.602429 0.562463 0.534509 0.536499 0.528113 0.539636 0.554614 0.559570 0.563049 0.562463 0.566235 0.643652 0.743945 0.863403 0.864385 0.821666 0.775047 0.745406 0.731422 0.724905 0.715868 0.710102 0.703542 0.691000 0.673702 0.667634 0.659261 0.646443 0.636500 0.647263 0.676870 0.676326 0.639322 -9999.0 -9999.0 -9999.0 -9999.0 -9999.0 -9999.0 -9999.0 -9999.0 -9999.0 -9999.0
0.528015 0.532703 0.540161 0.543311 0.546362 0.544128 0.523206 0.513293 0.460620 0.433936 0.446228 0.446313 0.460301 0.461777 0.498324 0.517212 0.492394 0.484949 0.462451 0.457495 0.500232 0.548132 0.572253 0.570703 0.546362 0.515271 0.493018 0.470984 0.457251 0.463110 0.484399 0.503821 0.533044 0.578186 0.610022 0.622766 0.746692 0.809642 0.811697 0.761857 0.739079 0.729938 0.723930 0.716783 0.707642 0.699554 0.687686 0.679675 0.674177 0.669015 0.682308 0.681169 0.688169 0.703723 0.696136 -9999.0 -9999.0 -9999.0 -9999.0 -9999.0 -9999.0 -9999.0 -9999.0 -9999.0 -9999.0
0.533008 0.535486 0.543652 0.550024 0.554785 0.549048 0.545166 0.471228 0.450745 0.418904 0.398378 0.386103 0.404089 0.444080 0.469092 0.480819 0.483486 0.484326 0.463245 0.453650 0.463049 0.495630 0.502979 0.563696 0.579199 0.582751 0.551575 0.491553 0.459167 0.450110 0.440820 0.437158 0.431921 0.428027 0.478784 0.554150 0.672998 0.727728 0.782116 0.774028 0.758785 0.742393 0.730007 0.716455 0.708963 0.697534 0.683042 0.670811 0.668903 0.660211 0.666943 0.693896 0.747192 0.762415 -9999.0 -9999.0 -9999.0 -9999.0 -9999.0 -9999.0 -9999.0 -9999.0 -9999.0 -9999.0 -9999.0
0.536230 0.543774 0.547437 0.555322 0.560352 0.569812 0.573669 0.566809 0.506787 0.499575 0.444574 0.384282 0.367813 0.383667 0.418372 0.454724 0.479175 0.495264 0.499304 0.516296 0.526318 0.533752 0.562390 0.565784 0.624756 0.658472 0.705957 0.754834 0.749023 0.670447 0.592944 0.500964 0.430786 0.428027 0.427771 0.430591 0.445557 0.576013 0.712915 0.761668 0.763644 0.757481 0.746718 0.730430 0.712018 0.697949 0.679891 0.659710 0.647557 0.638036 0.644275 0.648950 0.679797 0.742126 -9999.0 -9999.0 -9999.0 -9999.0 -9999.0 -9999.0 -9999.0 -9999.0 -9999.0 -9999.0 -9999.0
0.540259 0.547852 0.558423 0.558679 0.562268 0.564136 0.563635 0.559778 0.549841 0.575784 0.576993 0.492825 0.408770 0.388330 0.391956 0.401379 0.443494 0.474353 0.517456 0.528979 0.549707 0.566443 0.578943 0.583948 0.589758 0.594275 0.617493 0.644324 0.675110 0.739075 0.787000 0.835706 0.818518 0.725012 0.615186 0.536260 0.451083 0.467261 0.495631 0.600100 0.689160 0.755694 0.747917 0.740304 0.725630 0.705950 0.675014 0.645874 0.637829 0.614938 0.604045 0.618250 0.621936 -9999.0 -9999.0 -9999.0 -9999.0 -9999.0 -9999.0 -9999.0 -9999.0 -9999.0 -9999.0 -9999.0 -9999.0
